2
3
3
5
5
1
4
6
4
10
76
1
2
1
6
4
3
2
9
2
5
40
14
4
2
9
4
1
3
19
2
4
5
23
24
8
2
2
14
6
1
5
9
7
5
13
3
7
11
3
3
2
13
55
2
1
9
5
3
2
1
10
6
4
1
3
1
2
3
20
2
2
1
1
13
3
6
6
4
4
4
2
1
2
1
4
17
1
6
1
7
5
3
4
19
5
9
16
2
3
4
2
2
2
1
11
4
1
1
2
5
6
2
5
3
2
2
12
2
6
3
12
1
1
1
6
1
3
2
1
2
8
5
1
1
5
2
4
1
3
2
1
1
2
5
1
5
5
1
9
12
3
12
5
2
11
4
1
13
5
1
3
5
3
2
1
18
4
1
2
2
1
2
3
9
30
13
6
1
1
5
5
1
1
1
5
3
4
6
5
5
1
1
1
2
3
1
2
2
2
5
3
1
3
13
11
1
2
2
14
1
4
5
3
2
12
3
4
13
4
1
7
11
3
9
4
3
1
23
7
4
4
1
4
4
12
5
2
1
2
12
4
18
1
6
31
2
1
4
1
3
4
4
3
3
12
1
2
2
7
6
18
27
1
9
5
2
8
1
6
1
3
2
3
1
4
74
2
3
3
7
2
9
1
1
11
3
2
13
3
1
13
2
2
5
1
3
7
5
7
6
2
8
4
2
5
1
1
13
1
24
111
1
3
14
5
4
3
3
3
5
1
3
1
22
3
3
2
28
1
50
1
3
4
22
20
8
3
5
4
9
2
8
20
1
4
6
6
47
2
9
1
4
4
1
2
12
4
9
13
2
3
3
1
5
3
3
4
3
3
2
4
15
4
1
1
2
2
1
7
1
11
1
2
3
1
1
36
2
1
8
3
2
1
4
1
5
1
2
16
3
8
9
13
3
1
5
16
4
75
9
6
12
2
2
1
2
9
3
15
2
4
2
3
16
5
1
42
3
7
1
7
4
7
2
4
5
7
2
2
2
5
1
7
3
3
11
1
7
6
2
8
3
1
2
3
17
2
4
2
1
8
6
1
2
4
4
4
3
3
83
3
4
2
3
2
5
3
1
9
3
3
12
6
5
4
2
5
1
4
3
4
2
2
4
2
1
1
3
3
17
4
14
3
2
4
3
2
6
4
3
30
2
2
6
5
1
11
8
2
1
43
1
2
6
5
1
9
1
2
11
50
2
2
7
2
6
13
10
1
7
9
13
2
2
18
2
4
1
2
1
13
2
6
1
4
9
1
1
2
10
1
3
16
3
1
6
4
3
4
1
1
6
6
1
1
25
2
2
2
1
4
5
7
15
5
1
5
5
1
2
5
1
1
6
3
2
13
2
12
11
2
4
3
3
2
2
13
5
7
2
7
19
2
14
1
7
19
5
28
1
1
1
22
2
33
6
21
6
1
2
11
4
16
2
2
5
5
4
3
4
3
48
3
4
2
1
3
4
12
4
8
1
4
532
1
6
1
2
5
3
14
1
22
2
4
6
1
6
14
3
4
6
2
2
4
6
3
1
3
3
7
2
3
1
3
30
4
14
10
24
4
9
15
2
5
4
4
2
4
1
1
3
1
4
8
1
3
2
4
2
3
2
3
1
3
2
22
3
9
3
2
5
40
8
12
1
45
4
4
10
1
3
5
2
1
3
1
3
7
1
3
1
3
3
3
7
10
4
3
5
1
4
4
2
1
3
1
2
32
3
7
1
6
5
1
7
3
6
3
3
2
6
2
2
3
1
6
1
4
16
8
1
1
7
4
1
1
3
1
1
6
6
21
4
3
6
2
1
1
1
40
4
1
19
27
7
14
496
8
4
2
3
3
1
2
2
3
5
3
3
1
3
1
8
5
4
3
4
4
1
3
3
8
10
1
9
3
3
3
12
26
7
1
8
4
8
3
6
2
5
1
1
1
9
4
1
17
6
5
5
3
2
4
25
3
1
4
6
1
3
2
10
3
13
1
4
5
2
3
1
3
12
3
1
3
4
6
2
8
43
12
3
18
3
4
5
7
1
1
11
5
3
8
1
8
7
2
2
31
1
2
1
5
23
4
3
4
3
9
2
2
2
1
2
3
3
12
4
2
2
9
5
5
5
28
1
1
11
1
3
1
6
3
1
4
2
4
5
1
2
9
8
1
11
4
32
3
5
1
2
1
2
1
6
4
2
40
2
4
6
3
1
4
4
1
10
24
18
66
8
3
15
2
4
5
11
30
2
24
9
2
5
4
13
3
2
2
1
1
2
3
7
9
3
9
1
5
3
1
2
15
1
2
5
1
1
10
1
1
2
3
3
119
4
1
36
1
4
7
6
48
4
5
5
5
11
1
6
7
4
3
14
4
36
3
9
1
3
1
1
1
6
90
1
1
2
2
2
5
1
4
73
13
1
10
1
2
1
9
2
1
10
1
2
1
7
1
7
2
7
2
3
3
1
4
2
6
2
1
5
8
2
6
1
4
7
24
3
2
7
1
3
1
3
5
18
12
2
4
14
1
1
11
2
1
1
4
4
4
2
2
1
32
1
3
17
3
3
8
22
2
1
3
2
4
9
5
1
1
1
2
4
6
25
3
1
3
10
1
1
12
1
4
2
3
7
4
1
1
1
7
6
8
5
4
4
1
4
12
4
3
2
2
1
11
3
1
6
8
2
3
6
2
36
9
5
109
8
3
2
2
1
2
1
4
6
30
3
6
4
4
6
1
14
6
1
1
2
16
4
1
6
2
26
2
1
12
13
5
1
4
2
3
1
1
6
1
16
4
6
6
1
4
34
6
1
12
7
1
22
4
67
1
1
1
1
11
6
7
1
4
5
1
3
7
1
5
1
1
9
9
13
2
1
4
5
5
3
2
1
3
5
1
3
1
44
1
3
3
4
2
1
2
4
6
26
19
3
2
2
1
3
7
7
2
2
1
95
3
16
1
3
15
2
17
9
1
20
5
1
4
1
8
6
2
9
5
4
4
2
2
3
8
13
4
8
1
6
3
20
4
3
2
12
7
2
5
3
3
6
1
1
4
1
5
1
1
1
10
6
2
2
4
2
4
7
8
1
2
2
1
3
11
8
2
3
3
2
7
4
8
1
3
1
4
3
362
1
1
4
11
17
1
5
1
4
2
5
11
4
2
4
4
2
5
2
39
4
11
12
4
5
2
2
1
1
1
8
1
2
1
34
3
12
5
1
1
4
8
6
5
24
6
2
5
1
10
3
3
2
3
3
2
4
3
6
1
8
7
3
11
15
10
2
6
4
2
19
1
2
4
8
10
1
2
1
36
1
8
4
30
3
1
22
26
11
1
3
12
4
5
2
3
7
1
6
1
2
3
12
8
6
5
2
5
4
17
4
15
1
5
2
1
6
38
4
17
3
1
5
1
1
3
1
1
5
3
1
3
2
1
3
3
6
1
6
6
857
1
5
2
2
1
1
3
42
5
1
5
5
5
4
6
2
6
10
1
4
2
9
4
1
1
2
4
3
3
1
1
4
6
3
11
3
1
1
1
8
3
1
3
4
3
4
3
2
9
25
2
2
4
2
10
3
4
2
3
3
4
1
3
3
1
4
1
2
3
6
4
2
18
14
6
6
5
9
5
1
17
4
3
12
2
3
1
13
1
6
2
17
1
2
5
7
1
3
4
1
3
4
7
2
3
5
2
6
25
3
26
4
1
1
2
8
50
7
1
2
1
1
2
3
5
3
1
2
3
18
4
1
1
1
20
2
47
6
5
2
8
12
3
2
10
2
2
1
4
1
2
3
1
4
3
27
6
4
13
3
2
2
4
2
1
22
14
17
3
1
1
33
1
5
16
3
3
2
3
1
3
1
1
1
5
8
1
17
10
2
18
5
6
22
1
1
3
3
5
1
1
4
11
2
5
2
13
1
8
1
1
2
3
3
3
4
1
7
17
1
1
3
2
3
1
3
2
2
3
1
18
5
3
1
3
7
2
14
2
3
2
4
1
6
6
19
2
2
1
4
2
12
1
6
6
5
4
6
6
1
3
1
1
2
1
9
7
10
2
4
2
7
7
6
6
4
3
5
1
1
3
14
2
1
1
2
1
4
3
1
2
15
3
7
2
1
1
5
12
6
14
13
8
2
4
2
5
4
15
3
2
12
8
7
1
1
6
1
2
1
9
2
2
5
2
3
2
3
1
5
2
2
2
1
3
10
8
5
5
2
5
2
1
2
30
1
6
8
7
4
9
3
3
3
1
2
2
4
19
12
17
9
7
1
8
3
3
5
3
2
4
3
1
1
1
5
14
1
354
1
4
3
14
2
7
1
7
16
2
9
2
1
11
3
1
7
8
37
28
22
2
1
2
1
2
7
3
1
8
3
1
21
4
1
7
1
5
8
50
3
3
34
2
4
16
4
1
13
4
1
1
1
1
1
1
2
3
12
1
1
1
1
3
1
12
4
3
2
1
5
3
13
1
1
4
5
2
1
7
4
6
5
3
12
2
1
1
1
5
9
1
8
1
9
5
7
5
2
9
7
1
2
6
4
6
1
41
16
5
2
5
3
2
1
6
10
3
30
6
1
20
3
1
11
4
2
1
3
12
4
2
1
3
5
27
1
5
4
1
1
2
1
1
7
4
1
4
1
18
2
1
5
8
3
2
2
1
4
2
2
2
2
16
2
2
5
3
14
7
1
2
2
3
2
3
12
5
5
3
33
7
2
18
22
1
3
10
7
1
1
25
2
3
1
4
18
1
111
11
1
4
2
44
3
3
1
10
8
31
11
49
1
1
5
1
7
21
1
4
6
12
5
37
3
2
4
1
1
29
5
12
9
3
9
3
2
3
12
8
4
4
8
13
38
3
6
6
12
2
3
67
3
1
3
2
15
4
5
3
3
6
9
1
24
1
1
1
4
2
4
1
3
2
1
4
2
2
5
2
3
3
3
1
1
1
1
3
17
1
1
9
5
1
4
12
1
10
5
36
1
1
4
112
3
1
9
2
1
5
1
2
1
4
3
1
1
12
1
11
2
4
3
1
588
5
2
2
5
3
5
1
6
9
1
3
1
2
4
8
9
5
5
3
16
1
85
2
3
14
1
26
5
2
3
2
2
1
17
4
1
1
5
4
1
2
8
2
1
4
1
2
1
1
2
1
2
2
1
1
1
10
1
2
11
1
3
3
1
5
8
1
3
6
3
2
1
2
6
286
3
1
2
7
3
1
40
8
2
3
10
2
7
1
3
2
1
3
3
2
1
1
4
4
5
2
2
1
1
5
7
1
2
5
9
1
10
3
3
1
1
1
1
3
1
9
4
4
12
4
3
4
2
1
5
1
5
2
7
3
13
8
1
1
7
7
11
11
2
4
2
3
1
1
1
1
2
3
2
2
3
4
1
1
6
5
19
2
4
7
12
4
3
3
4
2
44
1
1
4
1
2
3
3
2
124
3
1
3
4
2
3
3
31
4
2
85
1
56
21
3
1
56
5
6
8
4
3
5
2
3
3
3
8
3
1
1
3
5
2
8
18
1
12
3
1
2
1
2
3
65
2
2
1
5
3
1
2
1
6
1
9
5
1
17
2
4
2
3
17
8
2
3
2
1
3
7
2
10
14
1
11
4
3
1
4
5
5
4
7
9
4
5
2
5
12
1
10
4
10
7
2
2
3
2
4
3
1
2
4
4
4
4
2
20
8
1
3
5
15
4
1
2
2
8
5
4
3
2
20
7
1
9
4
1
50
3
2
5
4
13
4
16
1
4
3
9
1
5
6
12
1
5
4
4
2
1
6
86
1
2
19
2
20
6
3
5
4
3
2
3
9
4
1
2
2
5
1
5
6
1
8
3
2
1
1
2
2
8
2
16
2
2
8
6
4
2
5
1
44
3
4
3
1
11
7
1
3
6
4
1
1
7
2
1
4
9
5
3
5
3
3
4
8
1
2
4
13
4
1
3
7
7
49
1
1
15
5
5
1
1
2
3
6
1
5
2
1
2
1
17
28
2
4
5
5
2
6
3
2
1
2
6
3
1
1
1
2
2
7
2
3
4
4
4
1
7
18
6
5
1
2
5
1
4
3
1
6
16
2
1
2
10
25
1
4
3
2
5
6
2
10
2
2
1
3
20
6
4
2
2
15
5
1
3
1
1
1
53
3
4
1
1
18
1
1
3
1
1
6
2
1
1
23
20
3
1
5
11
28
4
5
1
10
4
7
10
7
8
11
22
3
3
3
4
1
8
1
6
1
2
3
3
2
2
1
2
2
3
4
2
5
2
17
2
1
25
2
2
5
4
12
13
4
2
1
2
2
3
1
4
1
1
1
2
9
21
11
3
4
1
2
1
3
2
1
5
1
6
1
4
1
1
9
2
4
4
1
2
1
16
2
1
2
6
4
5
11
4
4
6
1
4
2
14
6
2
25
2
6
6
6
10
3
1
1
7
4
2
13
12
1
4
32
4
3
2
15
5
14
3
6
6
2
1
2
2
6
12
2
13
6
4
2
1
3
2
4
3
7
1
2
9
19
20
156
1
7
1
3
2
1
10
6
1
8
1
9
3
1
1
3
3
6
1
2
1
5
1
9
1
1
4
7
6
4
13
1
5
20
4
8
28
2
1
1
3
1
4
9
1
1
1
3
2
6
1
5
2
8
3
1
3
3
1
8
4
36
2
11
4
20
15
6
1
5
4
2
2
3
1
12
7
4
127
4
1
1
3
1
2
2
14
3
7
2
6
1
6
3
2
3
1
9
1
5
5
1
8
3
1
21
15
10
4
1
4
43
4
26
2
4
1
3
1
3
2
9
1
12
4
2
1
6
1
1
7
2
5
1
2
4
1
2
4
1
4
2
1
1
4
27
1
6
1
1
15
2
9
1
2
2
10
2
6
1
30
8
23
3
2
1
2
7
3
1
8
2
1
6
2
1
1
1
7
1
3
2
2
2
9
13
4
2
1
3
1
5
3
10
8
4
20
1
4
2
1
3
3
73
1
2
4
1
14
15
4
8
2
28
3
1
4
1
10
1
1
1
1
37
1
3
1
2
1
10
2
12
4
1
4
4
6
6
2
1
2
1
4
6
3
7
3
1
2
1
1
1
2
6
2
5
25
3
14
19
2
4
5
3
4
6
5
2
2
4
2
39
15
10
34
6
5
7
5
3
4
3
2
1
6
2
17
7
4
4
5
1
4
8
2
7
4
4
2
2
10
5
7
1
9
1
3
1
4
2
35
13
1
2
11
7
4
2
1
19
6
3
2
1
4
7
4
3
3
2
3
3
4
10
8
8
2
4
3
1
4
1
2
6
1
5
15
1
7
1
3
3
1
1
1
7
4
1
3
25
4
6
3
2
2
6
4
3
1
16
1
2
1
59
2
1
4
2
73
2
3
3
7
1
10
3
2
4
8
5
1
1
2
3
2
2
4
1
3
11
3
3
6
2
2
3
4
1
4
2
29
8
2
8
11
10
4
2
1
5
2
1
1
15
12
4
1
6
3
1
1
1
2
42
5
7
1
1
1
3
4
1
6
2
1
14
2
15
22
7
4
1
3
20
1
12
5
33
12
7
2
3
4
2
1
2
5
2
20
1
14
5
4
3
2
7
2
16
7
1
1
5
6
2
1
4
5
3
2
2
6
3
4
4
2
4
2
5
2
4
3
3
4
2
1
13
2
2
1
1
5
2
20
3
9
4
4
6
6
2
8
8
6
1
3
43
8
5
1
2
2
1
27
6
25
1
5
1
1
1
1
6
9
5
2
2
5
6
6
4
1
1
4
1
3
1
12
2
3
4
8
2
2
1
1
45
1
4
12
4
4
9
3
11
5
10
2
2
13
6
13
3
1
4
3
5
96
2
2
5
57
1
6
1
4
12
5
17
1
2
7
3
6
7
4
6
11
1
2
1
3
4
8
3
5
2
1
6
2
4
3
2
7
3
1
14
9
3
2
2
1
4
4
4
6
6
5
9
6
1
3
17
14
7
7
6
5
4
1
3
17
5
28
7
41
4
17
10
2
1
7
4
2
2
3
2
20
12
8
1
2
3
5
5
4
4
6
4
6
3
40
1
7
2
25
1
36
2
2
8
9
3
4
28
1
2
2
8
4
1
4
4
1
18
1
2
1
3
6
2
4
16
1
5
4
7
1
1
5
2
9
2
3
3
8
3
5
5
6
3
8
1
32
7
1
5
2
2
1
3
14
1
1
4
1
4
5
1
4
18
4
2
7
18
1
4
6
25
6
2
12
3
3
17
35
8
4
3
1
5
5
43
1
13
2
2
4
2
4
1
3
3
2
8
2
2
3
3
4
1
16
33
16
3
1
11
5
7
1
5
1
1
3
2
4
6
16
3
3
50
6
7
3
2
30
5
4
3
4
2
1
2
1
27
1
1
2
4
4
6
3
6
2
3
2
2
1
3
10
5
3
1
4
1
5
9
4
3
1
4
2
3
4
22
26
3
1
60
4
3
3
14
5
2
3
1
4
1
2
3
1
7
7
2
2
6
1
2
4
1
1
2
9
42
11
3
10
5
23
7
3
2
5
3
2
1
7
4
1
9
16
9
2
17
2
11
6
6
10
5
3
7
1
3
1
2
60
8
6
8
7
3
3
2
11
2
6
1
1
3
8
9
7
10
2
392
2
2
4
2
4
3
1
2
20
2
4
1
3
1
2
3
2
7
10
2
2
10
4
4
6
2
4
2
7
4
9
28
6
7
1
2
1
2
4
2
3
1
3
4
4
4
2
4
1
4
2
8
1
9
1
3
1
12
583
12
1
3
19
1
4
1
12
4
5
2
3
20
106
3
2
2
2
2
4
10
1
2
12
6
1
4
1
3
1
12
8
2
3
2
2
5
6
2
2
2
1
4
4
1
2
3
9
4
58
3
1
7
7
2
5
3
4
3
17
5
45
12
3
3
1
3
14
12
24
10
5
4
5
8
2
3
1
2
1
1
1
1
20
2
10
4
1
2
3
5
4
3
1
5
13
1
18
1
7
2
3
3
6
5
1
2
1
4
1
4
4
3
3
1
4
13
1
2
9
4
4
1
3
1
3
1
5
3
4
9
9
2
1
1
2
1
1
5
1
1
2
5
1
3
19
3
3
1
3
17
3
4
2
4
1
3
3
40
7
4
8
3
13
4
2
2
1
1
2
12
2
4
1
3
8
2
15
4
6
6
3
3
8
4
3
1
15
9
7
9
5
9
2
1
2
5
2
7
2
43
30
3
26
45
397
4
2
1
8
3
1
1
6
4
1
1
25
2
9
4
6
2
5
10
1
3
22
17
2
4
8
5
3
1
1
39
3
3
17
2
3
1
2
16
6
1
3
5
3
1
3
3
3
6
4
8
11
7
9
3
3
1
3
9
13
5
2
56
1
1
1
2
6
1
11
7
4
2
4
2
1
4
4
22
8
6
3
3
1
5
7
4
6
1
2
8
1
9
4
6
1
3
2
11
2
2
1
9
1
30
6
7
2
10
3
2
1
3
2
2
1
3
3
2
1
4
6
5
5
18
4
30
7
11
5
3
9
1
14
1
5
29
13
4
4
1
5
2
3
3
2
3
8
4
3
12
4
5
1
2
1
4
1
2
3
9
4
5
105
64
4
2
3
1
8
7
2
2
35
14
5
3
2
1
8
2
2
4
5
2
1
2
6
1
1
1
7
2
2
15
3
3
4
2
1
3
5
3
4
4
1
17
3
4
3
5
3
11
1
3
1
15
4
8
9
9
6
5
7
2
1
33
8
6
4
3
10
3
104
6
5
2
31
6
2
2
32
3
6
4
20
10
1
4
1
14
3
2
7
3
2
1
17
8
2
1
1
3
4
3
3
1
4
5
1
2
2
2
1
4
1
3
1
1
1
2
4
7
6
4
2
9
1
2
17
1
9
9
1
4
2
6
2
12
2
6
2
3
2
12
1
3
1
5
3
1
8
2
2
4
4
2
6
1
2
5
3
9
4
1
48
2
76
1
3
6
3
1
2
22
26
2
36
4
4
8
3
2
1
6
16
8
1
1
16
3
3
1
4
18
63
2
17
6
10
2
3
6
3
5
2
9
1
1
6
3
2
2
1
4
5
1
3
3
2
5
1
2
9
5
1
1
15
5
4
52
3
27
2
2
3
3
7
3
10
1
2
1
42
12
7
17
4
36
7
7
26
1
2
14
1
9
8
3
1
2
2
1
27
10
8
39
4
12
5
14
1
5
1
19
14
1
10
3
1
3
2
3
3
2
6
3
7
1
5
9
4
6
6
5
5
3
3
5
1
7
4
3
2
5
2
2
5
2
1
3
5
1
8
5
1
1
2
1
5
4
3
3
2
4
4
14
1
1
2
2
1
3
4
2
4
4
2
23
5
10
11
8
18
3
9
1
1
2
1
2
1
45
3
2
1
6
4
6
2
1
2
1
44
3
1
3
9
4
1
1
5
1
3
2
13
2
2
2
13
32
1
3
1
1
2
1
24
2
3
1
3
6
1
89
3
2
1
2
121
3
6
2
2
1
1
2
1
2
1
2
1
1
9
4
5
7
1
6
2
