13
3
4
2
12
17
5
6
5
6
1
1
2
2
3
3
5
1
2
3
7
8
1
5
1
1
3
3
8
2
19
2
4
18
3
1
1
3
5
8
3
5
3
21
2
1
1
2
10
3
2
1
3
4
2
2
4
14
2
7
4
2
2
3
4
1
3
2
2
23
10
7
3
10
3
1
2
2
2
1
6
4
4
2
6
1
5
3
3
4
1
1
5
7
3
2
1
1
2
3
1
2
1
2
2
10
1
5
4
5
4
4
3
2
1
1
1
13
2
1
2
9
4
4
15
1
4
7
10
1
3
5
3
2
1
4
11
5
1
12
8
17
2
6
3
22
16
2
4
3
1
1
18
2
4
3
1
1
5
1
28
3
17
3
2
4
2
1
4
4
2
57
73
4
11
1
1
3
10
3
2
2
1
27
1
1
2
1
4
6
3
1
1
2
1
2
5
5
3
2
5
5
15
1
14
1
3
1
6
7
1
5
9
1
2
2
3
6
2
1
3
10
1
2
1
2
3
2
1
2
6
15
2
2
3
4
2
5
17
1
21
1
10
12
2
213
1
16
6
1
1
2
6
6
2
4
1
15
6
15
9
7
3
11
1
54
14
1
1
2
4
6
2
8
2
1
1
2
2
3
15
3
18
1
3
2
1
2
3
10
3
6
4
11
4
2
1
1
4
26
7
1
2
4
3
4
3
4
3
13
8
11
3
15
3
6
3
1
4
41
2
3
1
3
3
4
6
4
8
1
4
8
11
3
2
2
2
1
5
2
2
2
1
9
4
10
7
2
16
2
2
1
8
2
6
2
1
3
46
3
3
1
1
4
1
14
1
2
7
2
1
1
2
8
3
2
1
2
7
3
1
3
1
7
7
5
6
3
1
2
1
1
1
1
1
3
2
3
7
5
1
16
10
1
14
4
11
1
3
2
6
1
5
1
1
3
2
12
2
15
4
2
11
3
4
3
8
6
1
10
7
2
4
6
1
4
3
5
2
3
1
1
1
3
6
5
2
1
5
3
2
5
1
1
1
5
5
3
4
1
3
2
2
47
1
2
1
4
7
2
8
3
1
16
5
23
1
7
1
1
2
5
4
2
13
2
1
4
1
1
1
8
7
1
4
3
1
4
11
5
1
7
13
4
4
2
3
14
2
1
1
2
5
141
1
2
2
1
41
1
42
3
1
1
9
9
1
2
8
1
2
3
3
1
5
7
4
2
7
11
5
3
3
6
1
1
1
1
1
15
1
8
4
1
4
3
2
1
1
2
3
1
1
2
4
3
1
1
35
4
11
3
2
3
35
4
2
6
2
6
1
1
10
5
6
6
28
45
18
7
2
1
4
2
3
1
13
2
7
10
4
5
1
1
1
5
4
5
4
1
2
14
3
3
10
2
2
3
5
6
1
1
6
3
1
1
1
4
3
42
3
1
3
3
29
2
3
4
1
3
1
1
1
1
8
1
6
4
1
7
1
10
3
15
10
8
1
4
8
6
1
1
6
2
2
2
29
11
2
1
2
1
3
4
4
32
2
1
2
40
2
3
1
9
1
1
5
3
8
1
3
1
1
996
3
1
7
2
2
1
6
20
2
2
1
2
1
8
2
2
3
5
2
14
4
3
3
2
3
3
2
3
3
3
6
8
5
3
3
14
11
1
2
4
6
3
3
6
4
1
11
2
3
4
4
11
13
14
5
2
3
1
9
2
9
3
7
7
2
6
2
2
3
2
3
1
3
2
12
2
2
7
1
16
3
1
4
1
2
1
1
10
3
11
5
6
1
2
1
5
4
2
1
2
2
10
1
4
4
9
2
1
8
6
11
3
6
1
13
1
1
2
4
86
2
3
9
23
3
1
1
3
1
6
1
11
3
6
6
4
2
3
1
1
6
2
305
22
6
22
8
5
2
3
3
2
4
2
2
4
3
2
6
3
7
8
6
4
4
1
2
3
1
1
3
5
3
1
10
7
1
3
1
5
4
1
2
11
6
3
13
3
2
3
1
1
2
2
2
5
1
6
3
1
2
4
4
1
5
11
5
5
1
3
2
1
1
1
6
5
5
1
3
26
3
1
3
7
2
8
3
3
4
2
2
1
3
7
11
2
147
19
5
4
1
2
5
3
1
3
19
21
2
10
7
3
6
1
2
4
1
1
2
3
5
3
1
2
2
3
1
2
4
2
1
3
5
4
2
1
3
2
4
1
2
3
6
3
2
1
1
28
5
4
3
3
2
1
5
3
10
2
3
13
1
2
2
3
6
9
4
3
4
3
1
3
8
3
7
2
1
5
18
5
3
1
1
2
4
1
3
3
1
7
7
2
2
2
5
1
1
2
4
1
2
27
1
1
1
2
5
3
3
2
1
1
1
11
20
1
4
7
3
1
1
7
1
2
1
1
3
3
1
6
3
7
4
4
3
2
1
13
8
3
4
5
2
9
2
5
3
3
9
10
60
1
8
4
2
1
3
1
2
3
3
2
9
2
4
1
1
3
1
4
3
8
5
1
3
15
2
3
3
1
3
6
7
3
4
19
3
4
7
3
1
2
1
4
1
1
2
1
8
1
5
2
7
1
4
3
2
14
4
12
1
1
11
3
3
2
8
4
5
19
4
185
4
1
1
2
92
82
1
2
6
7
1
2
1
4
1
1
12
2
3
1
2
1
1
1
2
2
77
2
1
14
2
3
8
6
3
11
4
7
2
7
1
1
1
4
3
1
5
3
12
4
1
1
86
1
1
1
8
15
1
1
2
1
3
1
1
1
3
1
2
22
3
3
5
4
7
3
12
1
1
1
2
10
4
1
1
10
6
7
2
3
2
2
2
33
1
2
6
38
16
18
23
36
1
4
3
1
10
6
1
1
1
7
1
3
1
2
4
1
2
2
8
1
2
1
1
2
2
1
13
45
3
2
6
17
1
1
2
3
13
3
11
5
6
1
1
1
2
2
5
54
2
13
4
1
1
8
2
1
2
2
2
3
3
4
1
4
12
1
2
5
4
3
1
1
7
13
5
4
1
1
3
5
1
1
1
1
2
1
24
2
4
6
1
2
2
11
2
1
7
3
4
5
1
5
3
3
5
1
4
2
3
4
5
5
3
3
1
9
2
3
2
1
1
1
19
1
1
1
2
1
4
1
8
2
7
1
5
4
7
10
3
4
1
2
4
1
9
1
4
3
31
2
2
4
2
3
2
3
6
4
24
3
4
4
6
8
1
6
7
3
3
6
12
14
2
6
2
3
74
3
14
1
3
7
2
1
1
1
1
2
5
4
3
1
250
18
2
3
1
1
4
5
1
3
8
10
1
1
1
6
7
6
3
2
2
1
12
6
2
1
1
3
4
2
1
1
1
1
1
4
1
2
3
6
11
1
2
6
3
2
3
8
3
4
3
1
6
19
3
5
1
5
1
4
1
1
3
5
1
1
4
1
2
1
2
2
3
5
12
3
2
2
1
3
1
16
1
1
1
7
2
1
3
4
2
1
3
4
5
2
3
4
1
2
3
4
3
2
2
5
2
1
2
2
4
5
8
1
5
1
3
2
2
4
1
16
3
5
5
1
5
1
6
2
2
1
1
2
1
5
4
1
12
1
8
4
1
1
2
4
18
2
3
3
5
5
19
29
100
4
1
2
4
3
3
3
3
1
5
7
4
3
5
91
10
1
3
1
3
2
2
1
20
3
3
1
2
7
2
2
2
4
3
10
1
12
1
1
2
5
8
3
1
12
1
10
2
1
14
2
9
4
4
1
4
5
7
3
10
5
1
1
1
3
3
1
1
4
35
1
2
4
3
2
5
4
2
1
4
1
4
7
2
26
9
5
8
3
8
1
1
1
51
12
35
9
4
3
3
1
2
6
4
3
4
3
2
6
2
1
1
5
3
5
11
2
1
1
1
1
2
5
3
1
101
5
1
1
3
2
2
1
20
5
5
9
38
3
7
17
16
3
10
7
4
9
6
1
4
2
2
1
2
2
1
7
37
5
7
2
1
5
3
3
2
3
7
1
5
11
28
3
11
7
9
2
2
4
2
2
3
3
7
2
4
4
449
2
1
1
19
3
2
3
3
2
3
2
2
1
9
1
11
4
7
6
2
3
2
6
3
4
1
13
4
1
1
10
4
3
1
6
2
1
1
3
1
4
1
20
1
2
1
4
8
3
1
1
14
8
7
53
1
1
25
1
2
3
1
78
2
9
6
5
2
1
2
4
16
3
3
1
5
7
8
1
5
1
4
4
9
1
3
1
1
1
3
19
2
2
1
1
2
19
5
1
1
1
3
3
6
4
6
1
3
2
2
5
2
6
4
3
8
2
4
1
3
3
1
6
2
2
2
2
1
6
1
11
1
1
1
7
6
3
2
5
1
2
2
1
3
4
3
3
4
17
1
5
3
1
3
2
2
3
3
39
3
9
3
2
10
2
2
2
5
2
3
2
1
1
7
17
2
4
1
5
1
1
8
1
2
9
2
2
2
3
25
10
4
2
10
2
1
4
6
1
4
3
1
2
1
1
2
4
3
2
3
1
4
4
4
5
3
9
2
1
6
2
1
66
1
5
2
9
8
1
3
2
3
5
1
1
1
1
2
1
1
2
2
11
2
3
5
1
2
2
10
2
2
2
20
4
2
9
3
2
2
1
6
16
4
1
4
3
6
4
4
2
3
2
1
3
3
3
2
4
4
2
824
1
4
2
3
7
4
1
7
2
11
2
7
2
1
1
1
2
4
4
15
1
17
2
1
3
10
5
2
2
4
2
2
5
11
3
1
12
6
3
2
1
11
5
2
1
1
2
77
3
6
20
8
492
3
1
1
3
7
7
3
5
1
1
1
3
3
3
5
3
6
2
1
2
2
8
1
2
5
2
1
82
5
8
1
1
5
5
3
7
1
2
108
3
1
13
3
2
1
8
3
2
12
3
5
1
1
4
1
5
3
1
3
1
2
10
215
1
1
2
2
6
3
1
2
2
5
4
10
3
7
2
1
12
19
2
3
2
9
2
1
8
1
3
5
1
8
1
7
3
2
11
1
15
13
16
3
3
3
6
2
1
8
1
12
2
4
4
4
1
2
1
2
1
2
1
1
21
14
1
8
1
4
1
6
3
12
1
1
1
1
2
1
3
2
1
7
1
2
3
2
2
2
3
2
3
15
5
8
1
3
2
1
1
3
1
208
1
2
11
2
3
3
1
1
2
3
1
3
8
2
2
1
3
8
2
10
10
14
9
6
14
2
16
2
5
1
1
8
6
2
8
1
1
4
10
1
1
1
2
3
3
1
6
2
3
1
2
6
4
10
4
1
16
2
2
41
2
4
1
6
7
1
8
2
1
2
7
4
2
13
3
6
16
2
1
3
2
15
3
308
2
1
2
6
5
5
1
2
3
7
4
3
7
1
1
2
1
40
4
12
1
2
1
9
1
1
4
2
38
5
1
2
1
5
4
1
2
2
2
15
1
5
8
14
1
1
1
3
2
4
1
10
2
43
1
4
17
2
3
3
4
1
4
2
2
6
5
25
11
4
2
5
7
1
5
3
1
11
4
2
1
3
1
2
1
2
2
2
1
6
1
2
5
4
4
1
2
1
1
2
1
2
1
1
77
4
21
2
3
2
2
1
1
1
2
2
1
1
19
4
2
2
7
2
4
2
22
12
2
3
2
6
2
3
10
18
1
3
21
2
2
2
1
2
1
12
1
2
2
6
17
6
4
1
1
2
3
1
15
3
1
3
1
2
3
1
4
8
2
15
5
7
1
1
2
1
1
5
1
1
2
2
1
3
2
3
1
5
3
1
2
1
3
1
1
16
1
1
2
2
3
3
4
2
5
2
5
7
234
2
3
4
14
1
2
17
7
3
7
4
1
5
2
1
2
10
8
1
3
6
12
1
9
2
8
2
2
14
3
3
13
5
1
1
5
10
2
1
1
1
2
2
2
46
15
4
13
3
4
2
3
2
4
1
2
5
5
3
3
2
1
3
3
1
2
6
3
1
13
3
4
2
2
23
3
3
1
1
8
2
2
4
1
2
2
3
5
1
1
4
1
1
5
6
2
3
1
3
1
2
8
4
2
2
1
5
1
3
4
12
3
1
3
2
8
3
1
3
4
5
1
3
15
2
5
1
2
1
1
3
1
4
3
2
4
101
13
11
1
2
14
9
2
2
1
5
3
4
5
4
2
7
3
2
4
5
4
3
28
3
3
1
1
5
3
2
1
8
11
5
1
1
33
3
1
2
1
2
6
4
2
3
10
2
2
1
13
4
4
1
10
3
3
3
2
2
4
2
2
10
6
10
2
1
3
2
7
2
5
1
11
1
4
1
4
1
2
1
4
8
1
9
2
1
4
2
1
1
2
2
19
19
6
2
4
6
4
7
126
2
1
1
1
4
14
4
2
2
1
1
4
2
1
1
34
17
11
5
4
1
6
2
14
12
18
15
8
6
12
1
1
13
4
2
34
1
3
9
1
1
1
2
9
2
2
31
4
1
1
2
2
1
3
19
2
2
18
8
6
1
7
14
4
10
10
11
2
1
9
2
1
2
3
1
2
3
3
2
1
6
7
22
5
9
1
13
1
5
2
4
3
5
7
2
2
3
7
8
2
1
1
2
2
5
5
4
1
5
2
12
3
2
1
3
1
5
1
3
1
1
7
3
3
1
3
2
5
2
1
3
2
1
2
1
3
4
2
2
5
3
4
2
5
67
1
3
2
5
3
2
3
4
2
1
18
3
1
1
1
6
1
1
4
2
11
2
6
2
2
19
2
3
4
4
5
1
3
10
4
9
8
3
4
3
8
1
7
2
2
10
3
5
1
2
12
1
5
2
3
2
2
2
3
1
2
57
3
6
6
7
2
2
2
2
5
1
1
2
4
2
2
1
3
3
28
3
8
9
5
5
6
1
3
20
26
6
1
3
6
2
5
5
13
2
12
3
7
1
3
23
5
2
1
1
3
1
1
5
1
3
1
3
3
1
4
5
2
1
3
3
1
2
2
2
1
7
5
2
3
2
2
5
3
3
3
4
5
3
9
4
1
3
3
6
1
1
18
3
3
3
1
2
13
2
7
2
2
7
3
1
1
1
5
5
2
1
3
5
7
4
1
2
18
2
3
4
1
5
1
2
7
7
3
13
4
7
2
1
1
1
7
1
4
6
13
5
2
13
2
15
4
1
11
17
3
4
1
2
5
3
4
14
6
2
1
2
17
2
5
1
24
1
20
1
1
1
3
1
4
4
3
18
3
2
18
3
32
8
1
3
2
8
1
2
7
2
1
1
1
1
1
5
32
2
3
3
8
5
3
4
2
2
2
62
4
6
1
2
2
10
9
2
4
1
14
2
1
4
2
3
1
11
9
2
8
2
4
2
4
1
3
1
2
1
4
2
3
3
8
1
3
1
1
4
6
1
4
4
6
5
2
1
2
27
13
1
7
8
10
4
1
2
4
2
2
2
2
2
6
8
13
5
2
4
5
3
2
9
3
1
1
1
2
5
2
1
2
11
3
1
3
1
4
16
2
1
1
1
7
3
8
5
2
20
19
1
4
2
30
30
1
1
2
3
3
2
9
3
2
2
9
24
1
2
1
3
4
5
3
3
12
1
12
3
4
1
2
36
7
3
2
1
1
4
1
1
10
1
2
2
2
2
1
1
3
11
4
5
2
1
1
22
2
7
2
3
1
2
2
8
3
4
3
1
1
2
1
3
5
2
5
6
2
111
7
12
1
206
8
1
5
2
2
4
1
6
3
2
2
184
4
6
1
3
1
2
2
36
3
2
1
25
3
3
1
10
5
27
3
1
4
1
3
2
1
2
3
23
6
6
1
4
5
1
4
23
1
3
2
4
2
1
5
1
13
1
2
2
2
4
1
4
1
1
4
1
55
9
8
10
3
5
1
9
3
2
3
1
1
8
1
1
3
3
2
6
3
4
6
2
3
1
1
10
4
21
1
3
3
1
3
8
5
2
23
3
2
2
5
3
2
1
5
25
1
2
2
1
3
6
25
6
10
31
8
6
1
1
8
2
5
2
1
2
1
3
2
28
4
10
1
1
4
3
2
7
21
4
53
4
2
4
4
13
2
2
31
2
8
2
8
8
3
12
3
2
5
1
9
1
19
7
3
7
1
2
2
1
1
3
4
2
1
3
1
2
2
2
3
4
1
3
3
4
7
2
41
7
5
3
4
1
3
2
10
2
7
6
3
5
10
1
7
2
9
24
3
23
6
4
1
5
8
4
1
1
12
11
8
6
3
1
4
6
1
13
2
11
2
3
1
3
1
4
2
1
9
10
4
1
2
12
1
3
2
2
2
4
24
2
2
2
3
1
426
4
6
3
34
3
3
2
407
2
3
1
1
21
3
3
3
3
2
1
1
5
1
5
1
4
2
5
21
3
2
3
2
1
2
5
2
9
11
9
3
5
4
1
1
4
1
48
6
5
5
5
3
13
8
6
5
7
1
1
2
23
3
1
8
3
2
4
4
2
1
3
1
3
1
1
3
3
2
4
1
1
12
2
3
10
5
108
6
5
2
4
4
1
4
3
12
1
6
6
2
11
1
3
2
4
2
3
2
2
2
3
2
2
5
2
1
5
62
1
2
1
4
1
1
15
3
2
7
3
4
1
5
4
4
4
10
2
3
6
4
6
1
3
3
2
3
1
1
5
6
21
4
5
3
5
6
1
2
4
1
21
9
1
4
5
28
4
14
6
45
2
1
2
1
3
1
1
1
16
1
10
4
19
3
53
4
4
1
332
2
3
1
4
2
2
1
3
8
1
736
10
14
18
2
3
30
4
12
4
4
17
1
2
1
4
2
1
1
13
1
4
5
5
2
2
3
1
250
3
2
3
3
2
1
6
1
19
1
5
3
2
5
1
1
3
8
3
4
3
1
2
1
7
1
20
2
2
3
2
3
1
10
6
8
5
4
2
2
1
5
1
4
1
7
3
2
1
2
3
2
1
4
12
1
28
11
3
3
20
4
1
4
1
2
5
1
2
6
8
8
19
15
3
2
3
3
2
2
1
1
14
1
6
2
4
1
2
3
5
9
4
1
5
5
2
3
1
3
4
11
5
2
6
6
3
7
2
3
3
1
3
1
3
2
4
9
4
2
3
1
4
5
1
1
4
10
1
6
5
2
13
6
12
7
3
2
2
1
1
3
2
3
6
2
3
26
7
2
3
1
1
3
5
15
16
1
5
1
4
26
2
3
3
2
4
2
6
6
4
10
2
1
1
3
28
26
2
2
3
4
2
4
3
2
2
2
1
6
3
4
7
8
2
4
5
2
3
9
1
1
1
2
6
25
2
11
7
2
2
2
4
6
4
3
3
2
16
5
20
5
7
1
6
5
2
1
4
3
1
2
3
2
1
2
16
3
1
144
4
6
1
11
5
1
4
4
9
7
3
1
3
15
2
1
9
2
4
1
7
2
2
2
4
1
10
1
9
6
3
1
6
2
6
4
3
35
2
11
4
4
7
8
9
6
5
1
7
2
3
6
5
28
3
6
8
6
4
3
3
1
3
5
2
3
12
10
35
3
1
3
4
4
1
4
1
5
8
6
2
5
3
5
6
3
3
11
23
1
5
5
10
3
1
2
30
2
8
4
2
4
2
2
2
3
3
1
2
2
1
26
2
1
1
11
3
1
12
11
2
4
9
8
2
6
3
8
26
2
3
14
5
15
4
2
3
3
2
4
1
2
22
3
66
24
1
1
4
4
1
4
4
1
2
1
4
3
5
3
1
2
2
4
3
2
1
1
1
2
3
3
5
3
2
3
1
1
2
3
2
4
3
4
2
1
3
3
1
1
2
1
1
1
4
8
2
2
1
5
2
3
3
5
4
1
2
2
14
10
40
2
1
2
2
14
1
3
1
4
1
2
7
8
1
10
1
3
3
2
15
1
6
3
1
5
10
1
4
132
6
2
1
2
1
6
5
6
6
3
4
2
2
6
3
8
2
1
4
2
5
2
