6
35
3
1
1
2
2
4
3
1
3
4
2
2
2
2
5
2
2
5
2
4
1
3
2
1
4
3
1
1
2
6
2
2
8
5
3
1
1
2
3
3
1
3
9
3
1
5
13
4
3
2
1
1
2
8
5
6
2
1
3
2
17
2
1
4
1
28
2
1
2
11
8
9
7
1
2
2
2
3
2
1
2
3
3
5
3
3
9
2
1
5
3
2
1
13
3
2
7
1
3
1
2
1
2
5
1
3
3
6
4
5
1
2
2
7
4
2
30
2
3
2
4
3
3
2
4
8
3
17
2
2
5
1
3
4
4
5
2
5
2
8
4
3
1
2
1
3
1
3
2
2
3
2
15
2
2
3
3
2
3
57
1
2
22
1
2
3
2
1
3
1
6
3
8
7
3
2
4
3
4
5
7
1
1
1
3
2
1
1
1
1
2
3
3
10
7
9
2
2
4
4
1
4
3
1
23
2
6
9
3
3
4
1
3
5
2
2
3
10
12
5
1
2
1
3
32
1
6
4
5
2
1
7
2
7
3
1
3
1
2
2
4
32
2
6
6
1
2
4
1
4
2
1
8
3
1
4
12
4
1
2
2
19
3
3
4
1
2
1
11
14
4
3
1
5
3
1
3
35
3
3
10
3
11
3
2
1
4
1
7
5
4
9
2
4
3
3
5
30
2
6
1
1
1
1
5
1
5
5
3
2
69
3
7
4
4
6
6
2
2
1
37
3
2
16
5
4
1
3
1
3
4
9
3
4
6
1
4
2
2
3
13
1
4
1
1
1
4
2
14
1
5
3
19
3
5
1
14
2
3
14
2
5
8
6
3
5
39
2
1
2
1
9
2
3
1
15
1
3
2
10
1
46
2
2
12
6
2
3
9
2
3
6
2
1
1
9
3
2
2
3
1
16
4
1
1
2
20
4
2
10
71
2
31
2
2
1
6
1
18
4
3
8
1
23
6
4
20
9
1
2
2
2
3
3
1
9
8
3
3
1
3
3
2
5
9
1
5
3
2
10
22
2
1
1
2
2
2
1
9
1
1
7
4
6
1
4
2
8
3
13
1
6
1
1
3
3
2
1
6
2
4
2
4
2
2
3
1
22
2
1
7
5
3
1
4
2
2
1
2
1
1
2
7
8
3
6
5
8
2
15
1
20
1
1
5
3
6
2
5
16
11
1
5
2
4
2
3
5
14
7
2
2
1
3
4
8
1
6
4
17
3
39
2
1
1
6
1
1
6
6
5
4
1
3
3
6
3
2
1
1
3
3
9
1
4
3
1
11
2
5
2
36
7
2
5
3
2
8
1
13
3
4
1
1
31
17
1
12
1
2
6
2
3
2
4
2
9
4
4
19
1
6
1
1
2
1
11
7
2
4
4
5
2
3
2
2
6
14
1
2
2
1
2
2
3
8
3
3
1
9
3
3
3
5
3
1
5
5
1
55
2
2
4
1
1
3
17
2
5
2
6
2
7
5
1
9
3
125
3
1
1
2
455
2
4
3
4
4
1
49
483
11
1
42
3
14
3
16
4
5
1
3
3
7
20
5
2
3
4
6
3
9
6
3
4
5
11
7
2
2
2
2
1
4
3
1
22
2
13
17
1
5
1
1
2
5
4
2
2
58
2
3
1
5
13
2
8
7
1
97
2
3
3
2
2
6
2
28
5
2
1
3
25
1
2
3
3
6
4
1
6
3
2
3
1
1
2
5
3
3
2
4
10
3
2
5
4
3
8
9
1
3
2
4
2
8
2
1
4
1
1
3
3
7
10
3
1
5
1
1
1
2
173
3
3
2
3
43
9
4
1
3
4
1
5
2
5
2
4
3
5
3
2
3
4
11
14
3
3
1
4
2
2
8
1
8
5
3
2
1
1
1
7
4
1
3
2
4
1
1
15
1
1
2
1
3
1
3
3
1
1
6
1
3
3
2
4
1
1
2
5
14
5
3
30
4
4
2
2
3
1
2
1
2
3
7
105
5
4
5
8
2
2
3
13
4
6
5
3
1
12
7
3
2
3
4
8
5
2
4
2
2
8
3
2
3
1
1
76
1
4
3
2
4
6
31
2
2
2
15
1
2
6
3
1
4
2
13
9
4
1
4
3
2
6
3
5
4
3
4
9
2
3
3
4
71
10
4
3
1
2
1
2
1
2
3
7
2
2
1
1
1
9
1
5
2
2
2
6
2
3
3
1
7
2
3
7
3
2
3
2
4
1
1
29
4
3
6
4
48
1
3
5
4
5
5
1
1
17
1
1
2
1
2
2
5
1
2
2
10
2
8
3
3
4
7
3
6
1
3
3
2
4
2
3
3
24
3
2
2
22
2
7
22
3
2
18
9
21
2
2
8
3
2
3
4
203
2
11
13
11
1
2
1
2
2
11
6
1
1
1
3
2
4
1
6
6
1
2
5
2
5
1
1
2
5
1
2
1
2
5
3
4
3
6
11
1
3
2
1
1
1
9
1
2
4
2
4
2
2
3
1
2
9
1
3
10
12
7
1
2
3
2
2
2
2
1
2
4
3
5
1
4
2
16
2
23
5
3
4
1
3
3
1
2
4
1
1
3
1
4
4
1
19
2
23
5
3
3
1
2
10
2
3
1
2
4
2
1
1
1
3
4
3
4
2
4
2
1
17
10
2
1
1
23
1
2
3
1
1
1
2
2
4
2
1
5
2
2
2
7
2
5
3
2
1
3
16
3
6
2
3
4
3
1
2
6
2
7
30
2
1
1
37
12
4
2
9
13
2
5
9
6
1
11
5
4
5
2
1
17
6
3
2
1
1
6
1
6
1
3
3
16
2
2
1
1
2
1
5
1
18
5
2
3
2
2
11
1
2
3
5
3
9
11
7
2
1
1
6
1
2
3
12
6
5
2
2
2
8
4
2
2
2
1
2
1
4
3
1
1
4
4
5
12
2
1
2
2
11
2
1
1
2
1
9
3
2
7
3
4
7
3
1
3
2
5
1
3
6
6
2
1
3
2
8
4
4
1
7
1
1
2
4
2
1
1
14
7
2
23
7
3
1
1
3
4
2
6
1
2
3
2
13
1
3
3
2
20
3
1
1
11
3
4
5
5
3
1
1
1
2
7
1
1
4
3
1
1
1
12
4
2
2
25
2
2
1
2
7
2
2
1
6
8
2
2
1
1
1
1
2
2
1
3
2
1
3
5
1
3
2
3
1
2
2
2
1
53
1
2
4
4
3
2
2
3
1
1
3
6
15
1
1
2
2
6
5
3
9
1
2
8
7
1
2
6
5
3
2
1
4
12
1
1
3
5
2
4
11
1
7
10
2
2
2
2
1
5
1
5
1
1
2
19
2
14
2
7
3
3
2
8
4
2
17
5
2
2
8
3
5
1
2
2
3
6
4
2
2
2
2
2
10
16
3
1
17
4
2
1
1
2
4
6
6
4
15
2
19
1
8
1
1
3
3
2
3
2
4
1
3
1
2
9
2
3
1
2
1
5
1
2
3
3
4
3
2
3
10
1
2
1
6
3
3
2
1
4
8
10
2
9
2
7
18
2
2
3
3
1
1
3
4
2
3
4
3
3
1
2
3
2
1
26
22
1
1
1
7
2
18
1
2
8
3
2
180
1
5
2
4
3
2
3
2
11
4
1
2
3
1
545
4
11
2
3
2
1
2
2
4
3
5
1
1
4
12
6
6
1
3
8
4
4
1
1
2
4
3
1
7
6
8
2
2
24
2
5
4
1
152
8
56
4
3
1
3
4
6
4
1
2
2
1
31
9
15
4
2
4
2
2
3
1
5
3
3
1
1
4
2
1
2
3
2
8
7
1
3
3
8
5
1
2
2
2
5
2
3
4
1
2
7
3
9
5
2
4
1
10
6
3
2
2
1
2
4
1
4
3
1
1
5
5
2
5
5
53
4
1
5
3
1
2
3
2
1
1
8
3
5
2
9
1
7
5
150
2
2
3
2
3
3
4
1
3
2
5
1
2
2
5
6
9
5
4
2
3
1
6
1
2
40
14
11
2
1
8
4
3
5
3
1
4
4
6
2
2
1
1
3
6
5
4
10
8
2
6
4
3
2
4
5
5
2
2
1
1
2
2
1
4
11
5
1
1
2
9
16
6
3
7
8
19
2
4
4
3
3
4
8
4
2
4
1
2
5
2
3
6
61
2
4
3
2
2
3
7
2
1
1
1
7
3
3
1
6
6
1
1
3
1
2
1
2
5
1
2
1
1
2
3
2
2
7
2
1
3
58
8
4
2
1
1
1
2
3
3
1
4
4
1
15
1
189
173
14
2
2
1
4
2
3
4
2
4
2
2
3
2
1
2
4
12
3
3
1
12
7
2
12
4
5
1
2
1
4
1
5
1
3
3
3
2
4
4
3
3
44
2
4
5
1
2
3
7
4
2
8
1
3
5
2
3
1
4
2
4
2
14
6
6
8
2
1
2
5
3
1
2
1
1
5
1
3
4
21
5
24
3
2
3
1
8
3
2
3
16
1
3
2
4
4
1
3
2
1
2
1
1
1
2
1
1
2
6
3
1
5
7
2
2
3
4
6
7
2
3
1
18
87
4
1
5
3
1
3
2
2
3
122
8
5
5
1
1
1
7
16
26
24
15
1
7
5
1
3
3
1
1
6
1
1
9
8
1
8
6
4
2
3
2
1
1
34
1
5
3
2
4
1
8
4
7
2
2
1
2
2
2
6
4
1
34
3
5
4
10
4
3
3
3
12
1
4
3
5
7
1
2
2
6
2
6
3
2
3
2
1
45
5
2
2
6
1
2
2
1
1
2
19
2
1
2
2
1
6
2
3
1
2
3
1
2
3
1
6
3
2
3
2
2
3
3
10
2
10
7
1
5
3
4
1
1
6
5
5
3
30
1
3
3
3
3
2
2
2
1
3
2
8
3
1
2
2
3
1
3
1
2
1
1
6
41
3
9
7
9
1
2
2
1
22
3
5
9
2
8
4
2
2
3
6
12
3
7
27
4
27
3
1
1
2
4
1
3
3
2
2
3
3
3
9
2
1
3
4
23
3
14
2
1
2
3
5
3
1
1
4
4
2
7
2
2
1
1
2
1
2
2
2
2
1
1
1
37
2
2
3
4
8
1
3
5
5
1
6
18
2
25
9
14
1
3
2
2
2
1
8
2
5
7
4
1
1
3
12
2
2
3
3
1
14
2
16
6
1
1
3
1
334
2
5
2
1
2
2
2
2
5
1
1
1
3
2
1
1
4
2
5
1
2
1
9
2
3
3
5
9
8
2
1
1
1
1
1
1
4
29
1
3
56
2
2
2
3
1
7
1
2
1
7
7
7
1
4
6
1
30
5
3
5
2
10
1
5
3
1
2
2
1
1
2
1
3
9
3
1
105
1
2
1
10
3
2
10
10
3
3
7
6
4
3
3
2
4
3
2
14
3
1
5
1
2
2
4
1
5
9
6
2
6
1
6
3
1
3
2
4
1
1
1
1
29
1
5
4
3
1
2
8
1
2
1
25
8
2
3
4
2
3
1
4
1
13
2
3
1
4
5
1
2
2
13
3
1
4
2
4
3
1
6
3
1
3
11
1
3
1
4
3
1
4
10
2
1
5
2
3
4
1
3
3
4
3
2
6
2
18
11
2
2
14
4
1
5
2
10
2
9
4
3
7
6
1
4
2
1
2
6
2
2
2
2
27
90
5
2
5
4
4
6
1
2
5
3
1
2
1
2
1
3
2
3
10
2
22
1
2
3
2
3
2
2
4
4
1
1
1
1
2
1
4
5
2
2
5
7
5
6
3
142
3
80
2
4
2
4
1
4
3
2
1
2
9
5
7
1
5
31
5
2
2
1
7
1
2
6
8
5
1
2
3
1
2
12
62
2
4
2
4
3
1
1
2
1
3
1
2
7
1
2
1
3
2
5
2
4
1
5
5
1
5
2
14
2
4
3
6
3
2
1
1
2
2
9
1
2
16
10
5
9
3
3
2
1
1
2
1
1
1
4
11
5
3
1
4
2
3
3
1
3
1
1
9
2
1
3
8
3
3
7
3
1
2
1
2
1
1
4
4
2
8
1
1
12
5
9
1
2
1
6
5
14
2
2
4
1
4
1
1
2
3
2
1
1
2
1
1
4
2
1
5
3
7
7
11
4
1
1
1
3
8
5
4
1
1
2
2
8
12
5
15
2
3
7
3
3
2
2
2
1
5
6
1
2
1
1
2
3
6
4
1
3
1
2
7
21
5
1
2
2
1
5
2
3
2
1
1
72
1
2
1
2
1
5
8
2
1
1
1
8
32
2
1
1
4
2
6
1
2
1
1
2
5
14
6
2
2
65
1
3
13
2
2
5
2
1
1
2
1
1
10
2
47
6
1
1
2
2
1
32
3
6
2
1
20
1
1
60
6
1
1
5
3
5
1
2
3
6
3
2
6
1
2
2
2
6
7
5
4
1
2
1
3
4
3
1
2
2
4
2
4
1
3
24
5
3
15
2
1
2
3
3
2
3
6
4
3
3
1
3
2
8
7
3
2
14
2
2
10
1
1
1
14
8
1
1
4
2
6
1
6
4
2
151
1
4
5
8
3
3
2
2
8
1
3
5
3
2
8
6
4
3
16
2
7
2
2
2
5
1
4
3
1
4
4
3
1
5
5
3
3
11
3
4
9
2
1
7
2
5
3
2
1
1
4
5
3
2
2
1
19
7
1
5
2
12
23
1
1
5
3
3
2
1
1
3
3
1
23
4
1
2
1
1
7
3
3
1
2
1
1
8
6
4
12
4
3
20
1
9
2
1
2
7
2
6
7
8
2
1
1
2
1
2
1
4
12
5
1
2
2
1
1
2
6
6
2
2
1
4
1
3
1
2
2
1
2
3
2
1
1
37
7
105
7
6
4
2
1
2
2
1
3
4
3
2
2
1
2
4
9
2
1
10
3
5
5
3
1
2
1
6
1
10
6
16
3
6
2
2
1
1
2
1
2
1
1
2
3
2
3
5
4
2
1
2
1
1
1
1
3
4
5
2
2
2
1
5
9
2
7
3
79
2
2
2
3
2
1
2
1
1
34
14
3
2
4
1
3
3
1
20
1
5
3
12
3
23
2
2
4
2
2
2
38
2
2
6
4
2
2
2
3
1
3
2
1
5
1
4
3
1
1
3
2
11
1
2
2
2
5
1
2
2
2
8
2
5
3
1
10
1
2
3
3
3
1
1
2
6
1
1
9
2
3
1
11
10
7
10
4
2
2
1
1
2
2
1
8
7
1
2
1
1
3
4
2
5
3
3
4
3
3
1
3
2
1
1
4
2
5
3
1
3
3
3
2
3
1
2
2
2
45
8
1
1
1
4
2
10
2
4
1
5
4
2
1
5
10
5
9
2
8
17
2
15
1
4
2
3
33
1
1
3
4
25
1
7
1
5
3
1
5
1
6
29
1
3
1
5
1
8
4
5
3
5
4
1
19
3
3
2
4
2
2
2
1
2
5
5
98
5
1
1
1
4
4
4
6
2
1
1
8
2
2
1
3
1
1
3
2
1
4
2
1
3
1
8
2
2
4
2
5
5
3
6
2
5
2
3
1
1
8
2
4
4
3
4
2
1
2
6
3
1
8
1
2
1
3
2
2
2
1
3
4
1
3
1
11
5
2
1
4
2
1
1
3
3
2
3
3
3
3
2
1
1
11
1
7
11
4
3
3
3
2
20
2
1
1
15
8
2
2
3
5
3
5
2
1
1
31
5
7
6
10
1
5
3
7
3
9
1
3
1
6
1
1
4
8
3
2
2
31
6
2
5
1
4
3
47
3
21
3
9
10
2
3
1
16
3
2
34
3
1
1
11
6
3
2
3
2
2
2
2
1
1
4
2
12
3
1
7
8
3
3
3
2
1
27
7
4
1
3
2
18
11
2
4
4
4
2
3
3
1
1
3
1
2
3
2
1
11
3
15
13
3
4
5
3
2
1
15
2
1
2
2
2
1
9
1
6
5
4
4
3
2
2
9
3
3
1
2
1
1
3
5
11
3
2
1
2
4
2
1
2
2
1
3
3
2
1
11
2
3
1
1
5
1
2
3
2
1
4
2
2
3
2
11
3
1
2
7
3
2
2
3
2
16
1
1
6
3
2
5
2
6
2
111
1
1
4
2
21
2
2
3
3
18
3
2
4
1
1
7
31
3
1
53
6
2
6
1
2
3
1
44
11
1
2
2
1
3
8
9
1
5
8
1
2
2
2
3
3
1
2
4
24
18
4
5
2
1
3
5
3
3
3
3
4
2
2
2
2
3
13
2
251
2
6
3
9
2
2
4
14
1
2
2
17
3
9
4
3
1
8
1
4
6
2
1
2
4
1
5
2
2
5
5
1
4
1
5
2
41
2
5
1
3
3
1
6
2
5
6
24
3
7
6
3
4
3
14
7
2
15
5
2
2
1
4
2
4
2
2
1
1
14
2
27
6
10
3
2
2
2
4
4
4
7
2
3
2
19
1
2
2
1
5
5
2
2
3
1
5
4
2
2
3
1
2
7
2
2
1
9
2
2
1
1
2
26
3
11
2
2
2
2
2
2
1
2
5
4
4
12
1
6
1
5
6
1
3
1
36
2
3
2
2
4
4
8
3
2
1
2
2
1
4
5
4
4
7
2
1
2
3
3
2
2
1
4
4
1
45
3
8
3
3
2
1
2
2
2
1
55
4
4
1
6
2
4
1
2
1
1
2
3
1
5
1
5
4
2
2
1
1
4
1
1
3
1
2
4
3
1
6
1
3
2
9
3
3
26
12
5
3
4
11
5
8
38
4
1
5
5
1
3
16
5
3
1
1
1
4
2
1
9
2
1
3
9
9
3
2
2
3
2
6
1
3
5
2
1
1
12
3
20
2
1
4
3
1
5
1
1
19
2
3
5
6
1
2
3
3
9
3
2
3
4
48
3
2
2
2
3
4
3
1
1
2
17
3
1
2
1
4
1
3
443
2
1
1
1
1
5
14
3
11
1
1
1
3
6
8
2
2
35
8
7
3
2
2
3
2
8
36
3
8
58
3
2
1
7
3
17
3
5
6
3
3
7
1
2
1
3
2
3
3
10
2
2
3
3
2
6
3
2
6
2
3
4
21
421
2
2
7
3
1
1
23
3
1
6
13
3
5
41
2
1
25
6
2
1
1
2
1
3
7
3
6
3
4
1
7
4
1
2
6
2
3
5
1
11
2
1
1
3
4
1
1
2
16
1
3
3
2
1
4
10
2
6
2
1
3
6
3
3
4
23
3
7
1
8
2
6
6
1
1
13
2
10
2
19
1
3
2
1
2
4
3
4
1
1
31
1
2
8
12
1
6
3
1
2
1
5
1
5
1
1
5
3
3
3
6
3
2
5
3
6
2
4
1
2
2
3
1
4
2
6
4
3
1
2
1
1
6
4
3
1
2
5
1
2
3
1
1
1
4
4
5
6
4
1
2
1
5
2
2
2
3
3
4
3
4
2
1
4
2
2
3
6
4
1
5
3
2
3
4
4
2
2
2
3
2
1
6
6
1
4
1
2
3
2
2
1
3
16
4
3
3
2
13
5
2
10
3
2
2
2
4
1
3
2
6
1
2
15
2
2
2
2
11
13
3
9
4
4
6
3
6
14
1
2
3
3
7
107
1
3
3
1
1
2
11
7
1
2
2
3
3
1
1
13
1
8
1
3
40
3
2
2
2
2
95
3
3
1
36
11
3
6
2
12
30
3
4
2
1
1
1
2
10
5
1
1
3
2
1
12
3
18
2
3
4
1
2
1
2
11
2
3
4
1
3
16
8
3
4
1
22
2
3
58
1
4
8
11
2
7
7
42
3
3
1
1
1
10
2
2
2
1
2
1
2
3
1
1
4
10
3
1
1
2
6
15
1
4
1
5
2
6
1
2
2
20
3
3
2
2
1
1
3
1
6
3
5
6
1
3
2
18
5
2
1
2
2
4
6
2
3
3
2
2
2
6
2
3
2
2
2
2
3
4
5
6
3
2
16
1
11
3
3
250
3
2
3
2
2
48
4
10
2
2
2
4
3
1
8
4
5
6
5
2
80
7
2
1
2
2
1
21
1
3
3
4
3
1
1
5
2
1
4
2
1
2
2
9
2
1
1
5
2
1
4
7
1
1
4
146
1
1
70
4
5
34
1
3
5
1
4
1
2
2
2
1
6
3
1
5
1
2
5
3
3
7
3
1
6
1
5
2
4
1
2
2
9
3
3
3
2
8
6
2
11
8
6
1
5
1
1
9
6
3
41
1
12
3
2
3
5
2
5
8
1
2
11
7
1
2
1
1
6
276
3
1
2
27
1
2
1
2
2
3
1
4
1
1
2
9
2
2
1
3
2
3
9
1
2
3
4
3
3
3
17
1
1
1
7
81
2
105
11
2
1
2
1
6
9
1
1
3
1
2
7
1
62
1
2
1
9
1
3
1
6
10
2
1
1
8
1
10
2
5
9
2
54
4
5
1
1
3
14
8
3
7
2
1
3
4
3
4
2
2
2
17
4
3
1
6
1
12
3
3
3
1
8
2
1
4
1
10
4
6
1
3
4
35
5
3
10
8
5
2
3
2
1
3
1
2
4
2
18
6
7
101
2
107
5
7
8
58
15
1
3
3
35
2
3
14
10
2
5
7
1
3
1
1
5
6
1
8
1
2
6
10
2
22
5
8
3
1
1
3
1
1
1
1
8
4
2
2
6
7
3
1
2
2
1
1
2
1
2
5
1
5
5
1
2
5
1
4
3
1
3
1
2
1
2
2
1
1
1
1
2
6
12
3
15
3
1
4
5
6
3
21
4
5
5
5
2
6
3
2
1
5
2
4
4
4
6
1
14
5
3
4
2
2
247
3
3
3
2
15
9
1
1
3
29
7
4
2
11
3
2
1
3
1
6
2
1
4
3
