6
2
1
5
2
2
2
2
4
4
3
4
10
2
2
2
2
4
2
24
1
11
2
12
1
1
6
9
3
286
7
1
2
1
6
9
2
3
2
20
25
1
1
2
4
3
5
17
154
3
1
1
19
12
1
3
2
21
23
32
4
1
1
8
6
9
21
72
5
27
1
3
1
4
5
2
1
1
3
1
55
5
2
4
14
2
6
3
1
3
1
26
1
2
15
1
4
2
4
40
4
3
3
2
1
38
4
1
5
7
9
9
4
1
8
13
324
21
2
3
4
1
4
1
1
6
2
3
2
2
2
1
12
1
1
3
10
1
1
1
3
1
1
2
6
2
3
4
16
2
12
25
3
3
1
2
4
2
4
8
2
1
56
15
6
6
5
1
2
2
41
11
4
4
1
7
27
3
1
33
8
19
3
3
1
265
1
4
20
2
3
2
1
1
6
2
2
20
19
9
11
3
2
2
4
14
16
3
1
3
7
2
13
1
20
3
1
3
27
19
5
6
2
7
1
13
3
2
1
2
3
3
13
6
7
8
2
3
2
24
4
1
1
1
2
26
1
1
10
4
4
50
6
1
59
2
6
36
1
2
6
1
47
4
3
6
1
3
6
7
9
5
7
4
2
2
2
2
18
5
3
18
1
3
2
5
1
3
2
3
2
1
2
1
1
2
3
2
4
1
1
4
2
2
3
4
1
3
26
7
10
1
2
8
1
4
7
2
2
1
4
37
6
10
101
14
1
1
1
3
2
3
2
2
17
1
3
2
11
6
44
12
1
8
41
1
6
4
4
4
2
2
2
1
9
2
2
1
2
10
3
3
1
1
5
5
24
2
36
16
26
12
1
5
1
3
3
1
3
15
2
2
1
3
3
1
3
6
1
3
1
5
2
5
2
1
3
5
3
6
8
9
2
1
14
3
11
3
1
4
1
2
36
1
1
4
1
2
2
2
1
3
3
163
14
2
1
6
2
3
6
40
1
7
13
14
3
3
6
4
5
1
7
91
4
1
8
2
2
11
1
3
4
3
1
8
5
6
3
5
2
3
3
10
1
1
1
3
3
1
25
6
2
7
2
3
4
1
6
10
1
10
1
2
5
3
3
1
4
2
1
1
6
11
1
5
2
2
2
9
1
14
3
1
1
2
20
1
2
26
12
12
3
447
11
1
2
34
6
4
1
1
4
12
15
8
5
2
1
5
18
6
1
7
2
2
4
2
3
2
2
3
2
1
4
2
4
2
24
1
4
3
1
2
8
4
3
1
5
1
22
6
8
1
3
3
17
6
4
1
24
7
15
3
6
6
4
4
1
5
11
6
3
10
1
5
1
1
4
10
1
8
10
5
1
24
2
9
1
19
1
3
1
15
4
1
37
10
27
20
78
1
27
4
3
31
3
17
38
2
2
8
3
3
1
1
1
1
10
2
3
1
2
1
1
15
2
31
1
2
1
5
48
6
3
2
3
2
2
3
6
3
6
2
1
2
4
26
1
3
2
4
2
8
1
4
6
3
6
23
29
3
3
2
5
2
16
1
1
10
3
3
1
1
12
2
10
2
3
2
2
3
1
2
3
2
2
1
3
3
27
7
2
2
23
7
7
3
33
13
2
1
1
9
4
2
4
7
5
26
4
1
1
10
8
1
4
52
34
3
17
1
3
17
12
1
5
1
19
42
2
1
5
18
159
1
1
4
5
1
1
3
5
3
27
1
1
3
4
1
1
1
7
1
3
49
2
2
2
6
2
6
3
2
1
5
2
1
1
1
2
1
2
20
71
6
7
8
1
1
5
7
2
10
13
8
1
3
9
4
7
6
10
3
1
1
4
1
1
2
4
22
5
1
2
2
4
4
6
2
1
3
98
3
1
1
2
1
6
1
1
1
2
9
3
1
12
4
1
2
1
2
29
5
2
4
10
2
2
11
5
3
4
8
4
4
1
17
2
3
2
2
1
1
2
1
1
1
3
3
6
29
15
26
14
3
3
3
3
4
5
1
9
1
38
1
3
19
3
1
5
35
1
4
2
7
1
1
4
6
4
1
2
2
11
11
2
10
4
2
3
35
30
9
2
2
2
46
4
1
3
10
2
4
5
88
1
1
37
4
1
5
1
1
3
7
12
3
5
9
17
5
1
2
1
15
14
7
5
23
12
3
7
1
88
11
4
4
1
3
2
4
4
1
1
2
17
1
4
6
7
109
22
3
4
1
6
1
2
1
1
2
4
1
1
8
1
6
1
19
1
1
1
1
3
1
63
13
2
2
3
2
2
3
1
7
1
1
2
5
1
1
4
3
2
14
4
4
11
4
4
4
8
1
4
3
5
3
3
2
17
8
1
31
1
5
14
1
9
3
1
1
21
1
2
1
1
25
4
13
2
2
1
12
6
1
3
6
5
1
121
6
3
1
1
2
6
2
2
10
2
1
1
12
7
20
1
2
12
28
84
2
2
1
1
3
1
1
6
12
4
20
23
54
1
24
5
34
2
6
4
20
3
9
1
1
1
47
2
4
8
5
1
1
1
6
3
2
3
6
6
3
3
8
2
1
1
5
1
18
10
14
2
14
1
4
2
10
12
9
3
7
4
1
3
2
1
3
4
6
6
9
3
1
9
1
3
15
1
4
3
3
2
8
2
10
1
4
2
1
4
3
1
4
13
29
4
9
1
43
2
7
1
3
5
7
269
2
5
9
1
1
1
10
4
1
3
1
1
1
15
3
1
6
27
1
13
1
18
27
1
1
3
1
3
4
1
25
14
3
3
7
1
2
2
3
1
3
3
9
8
1
5
1
2
18
3
1
5
3
2
21
4
1
11
1
3
1
1
4
4
2
3
30
13
2
45
8
1
4
2
3
5
2
2
2
1
4
40
3
2
1
4
10
39
8
75
2
3
2
2
1
3
1
5
5
1
4
4
5
10
3
13
1
3
5
2
2
6
4
1
3
4
36
5
1
2
1
5
2
2
8
5
12
16
2
1
3
3
1
7
2
1
2
33
5
5
15
4
7
1
1
7
1
24
4
4
3
3
17
1
18
3
73
11
7
4
10
2
4
1
4
2
1
16
3
1
7
12
2
6
1
1
4
8
7
3
6
56
4
3
3
5
3
3
8
2
2
26
2
2
7
1
11
2
1
2
1
1
1
2
9
2
1
15
2
1
2
3
5
1
44
6
12
3
3
8
1
53
6
5
6
4
1
7
4
2
1
2
1
1
1
4
2
4
4
1
1
1
1
14
2
1
7
2
2
1
15
17
8
2
1
2
7
11
10
1
13
2
1
3
1
2
2
7
3
2
9
11
8
22
6
2
4
1
1
35
1
1
7
4
1
7
2
3
1
1
46
15
2
2
7
3
2
5
4
3
70
49
2
1
3
2
1
12
1
2
14
13
15
2
13
3
1
3
4
26
4
1
36
3
2
2
2
4
1
7
5
5
1
12
2
1
1
7
3
2
15
1
1
1
3
2
1
1
1
18
1
1
5
2
1
3
2
3
1
1
23
3
6
47
3
1
8
13
3
7
1
1
1
5
4
2
3
1
1
15
9
1
2
12
1
2
1
17
7
4
11
1
3
1
1
81
3
5
1
3
1
1
2
3
5
6
3
10
1
4
4
4
42
3
3
3
17
1
4
4
1
1
5
1
1
1
4
16
4
3
3
10
3
1
2
1
1
2
4
2
6
3
6
4
4
1
3
18
5
49
2
6
1
5
48
2
2
24
3
2
18
20
1
2
10
10
3
6
2
2
2
6
17
1
2
18
30
1
1
18
15
1
9
38
1
2
1
13
2
3
29
1
3
1
1
1
2
7
3
3
1
1
2
11
33
22
6
2
14
14
1
4
2
2
2
15
1
2
4
3
1
5
5
3
13
1
1
2
1
1
1
2
5
9
1
35
3
2
62
1
3
1
7
25
4
1
1
3
2
11
2
1
1
2
16
7
3
1
65
7
8
4
3
17
18
13
28
6
5
3
1
1
2
3
4
2
4
1
2
5
2
1
2
2
19
1
5
12
1
1
1
4
9
1
1
1
48
5
1
1
4
25
2
12
3
1
2
1
3
3
7
3
17
21
1
1
1
13
45
1
6
28
3
3
1
6
3
1
2
4
8
5
6
4
1
3
3
4
1
3
3
8
1
11
35
3
19
1
1
3
1
1
2
84
3
4
1
2
1
1
21
1
1
23
2
1
3
5
21
2
5
6
6
1
3
28
9
2
1
8
2
3
4
2
7
13
3
1
34
1
2
2
2
3
34
1
1
3
5
3
2
2
6
1
2
1
3
2
1
2
45
11
5
27
3
9
3
1
3
1
13
1
2
4
4
1
1
2
6
2
10
19
9
2
2
1
5
1
1
4
9
1
2
1
3
4
5
1
4
37
18
4
2
2
1
32
4
1
1
5
3
11
3
2
19
50
1
9
8
1
25
8
2
1
2
2
6
14
1
5
24
14
1
1
16
4
7
1
4
19
5
1
29
1
1
2
3
4
13
17
2
14
14
3
3
1
19
3
2
2
4
1
2
1
5
2
8
2
4
4
4
14
4
12
2
18
6
1
1
5
3
10
1
3
7
3
5
4
2
5
1
5
70
8
1
20
12
9
22
4
16
2
12
1
6
4
6
1
8
1
4
1
3
1
6
1
5
87
4
1
1
3
8
4
1
10
3
1
10
4
1
1
2
16
1
1
3
1
3
2
16
3
5
1
2
9
1
10
14
25
1
2
2
4
1
3
2
3
1
16
1
2
5
1
3
2
29
1
2
1
1
7
3
8
1
1
3
57
3
12
1
1
2
2
3
1
1
2
1
6
1
6
1
3
2
3
3
1
1
4
3
1
25
1
40
4
1
2
1
3
2
42
1
3
3
23
23
3
1
5
2
1
10
19
4
1
4
2
5
14
14
5
8
24
5
6
1
1
5
1
5
2
1
3
2
6
1
5
2
1
2
3
2
8
4
2
1
19
3
5
6
7
6
3
2
4
5
1
6
2
19
1
3
2
2
2
1
3
1
2
88
19
2
1
1
2
16
7
2
7
3
4
1
31
1
2
2
1
4
4
1
9
11
4
7
7
2
2
1
6
3
1
1
12
10
1
1
8
3
1
7
1
2
4
14
2
2
1
2
43
2
2
2
8
18
5
1
4
2
1
1
1
5
48
1
3
26
6
1
5
1
10
8
23
2
1
1
1
10
2
7
1
1
1
1
3
1
4
35
4
6
10
1
4
7
1
1
1
1
1
1
4
1
36
175
31
9
1
8
1
2
1
3
1
2
66
7
4
15
1
2
6
1
3
1
3
1
1
1
1
88
7
6
8
8
1
3
4
30
1
17
3
14
10
2
3
5
12
4
55
16
7
5
2
5
14
2
5
4
4
1
7
3
5
1
4
1
8
25
3
9
1
38
2
8
3
8
41
7
1
1
30
1
122
1
47
2
1
9
7
2
13
3
1
1
1
1
4
14
5
3
2
7
11
1
13
70
1
1
1
9
4
13
2
7
2
7
2
23
1
5
2
7
2
2
3
5
1
4
2
1
11
7
2
2
1
4
7
1
3
2
1
5
1
3
3
17
7
5
2
4
1
1
9
59
6
13
1
1
2
4
1
3
26
1
6
3
6
1
1
1
4
2
1
6
3
2
1
1
2
1
2
1
2
50
4
1
4
2
2
4
2
2
1
3
13
14
1
1
1
1
2
2
7
21
37
26
3
17
4
7
3
3
4
1
2
1
10
4
2
1
5
3
3
3
6
4
4
1
18
5
8
12
1
9
4
13
5
16
3
2
2
2
1
56
9
69
1
1
2
1
2
1
5
13
13
19
2
2
1
2
46
3
3
1
5
68
2
1
1
4
7
4
15
1
16
2
3
1
9
5
4
2
1
7
2
10
1
11
5
14
2
3
1
1
1
2
1
6
13
2
9
3
1
20
1
1
2
2
1
3
4
3
2
3
4
2
2
2
1
27
13
1
6
6
5
3
14
2
32
17
8
5
6
1
4
3
6
4
2
8
2
2
3
3
1
6
4
18
3
2
1
6
16
10
23
4
17
1
2
2
2
4
4
3
2
2
3
2
1
1
5
1
2
1
3
11
1
5
5
3
48
56
2
2
1
25
10
33
4
2
8
2
2
1
1
2
1
27
1
64
8
5
3
13
2
5
2
172
1
7
9
1
1
4
3
3
8
2
1
4
2
2
1
2
1
1
1
1
1
4
1
1
8
4
2
3
9
1
24
2
7
109
2
6
12
6
6
1
5
2
2
3
4
4
2
5
2
14
1
3
2
3
13
1
10
1
1
3
1
2
1
143
4
81
10
2
9
1
5
4
3
1
3
6
3
25
12
1
1
21
3
1
5
4
3
1
4
3
2
4
4
27
2
8
1
3
1
11
10
17
2
1
4
75
2
4
1
6
1
6
3
1
19
3
23
2
2
1
1
1
7
1
3
1
5
9
9
12
2
5
8
7
10
2
3
7
3
1
5
1
5
5
31
2
6
9
3
3
2
1
9
2
1
21
6
3
1
1
3
1
1
1
4
1
3
6
1
8
2
7
9
12
5
4
2
5
1
1
4
1
4
1
3
12
3
22
11
3
11
5
1
5
32
1
8
24
4
1
4
5
6
2
30
5
6
1
13
9
1
4
5
2
11
2
1
18
18
3
3
1
1
2
4
52
2
4
4
4
1
3
2
11
4
3
7
2
100
8
10
16
3
6
1
6
7
3
2
6
1
2
9
3
3
1
3
3
3
2
10
366
7
9
3
4
32
2
2
1
1
4
3
1
1
8
2
2
1
4
2
10
3
8
4
5
3
4
2
16
6
5
3
1
5
167
2
1
82
4
15
5
2
7
32
3
1
13
2
1
2
3
4
3
3
7
60
19
4
6
1
13
1
1
1
4
1
1
2
4
1
1
1
14
2
79
1
1
10
1
2
4
24
1
1
21
2
4
2
2
3
5
1
3
10
35
4
1
3
2
2
3
4
2
3
1
1
3
8
2
8
1
7
6
579
7
6
33
7
3
4
1
5
5
1
5
1
5
2
4
4
1
9
1
1
2
2
26
1
1
1
1
2
5
13
8
1
5
8
1
2
8
4
21
3
1
2
1
2
1
4
7
3
8
2
12
1
7
8
4
21
36
3
18
3
2
1
1
1
1
3
3
21
4
1
6
5
3
40
13
1
6
2
2
69
2
2
3
2
1
2
7
1
4
3
4
17
5
1
1
1
5
1
1
5
9
16
7
13
89
1
4
1
2
1
3
15
1
1
3
3
17
3
1
15
8
4
4
1
8
1
10
2
2
3
1
2
8
14
25
5
4
2
3
2
5
11
3
3
4
3
1
1
11
2
7
12
2
1
48
1
2
2
1
38
3
2
2
1
4
1
5
4
2
4
5
5
43
2
9
1
1
9
2
8
1
4
1
1
1
13
5
2
2
1
1
3
1
51
3
2
4
2
2
23
3
1
3
1
2
9
22
2
10
1
4
2
11
1
1
1
1
1
1
4
9
2
8
7
2
7
3
4
2
27
4
1
2
1
15
2
11
3
2
7
1
4
22
3
1
22
1
4
2
2
7
95
53
2
4
1
2
144
2
2
2
39
64
5
3
4
1
1
1
1
1
1
3
1
1
14
2
1
21
2
3
3
2
5
3
1
1
1
71
1
32
3
5
16
2
4
1
3
84
1
3
185
3
4
4
2
3
8
5
3
1
4
17
43
2
4
4
3
1
4
1
2
2
1
2
45
30
1
2
15
1
1
3
1
4
1
2
2
78
5
14
3
4
2
2
2
2
3
10
4
45
3
1
1
4
21
5
3
1
5
1
3
1
1
2
2
2
5
6
4
1
3
9
1
10
2
3
3
6
1
3
4
9
3
2
1
5
1
1
3
6
26
5
46
16
1
4
16
2
2
1
3
6
10
1
34
5
1
9
6
1
2
22
2
4
2
1
2
3
1
3
3
9
3
2
2
41
4
1
2
3
1
1
2
3
2
1
1
1
2
1
6
24
3
1
1
22
1
14
5
1
9
6
3
1
1
36
4
3
6
1
7
4
11
23
2
5
32
3
2
135
6
1
3
2
55
2
1
5
3
3
12
18
3
14
40
1
3
2
3
2
3
2
3
1
1
13
4
2
5
1
1
3
2
9
4
2
5
3
4
9
1
10
2
1
2
4
23
2
7
47
1
6
2
6
1
20
6
5
1
40
81
3
5
9
1
8
2
8
3
3
3
1
2
1
3
8
1
1
5
1
4
2
4
1
9
7
4
1
2
4
1
2
2
2
1
1
6
1
4
32
8
38
5
7
11
4
2
2
1
15
1
11
1
12
12
5
4
1
4
2
31
1
1
5
1
2
3
3
2
3
3
2
4
1
2
1
1
1
6
4
19
2
11
2
1
1
7
10
6
12
1
6
1
5
