1
1
2
19
3
2
4
1
2
2
26
1
9
20
5
26
3
9
4
5
3
1
1
7
1
6
3
2
8
10
2
5
1
2
2
1
1
4
3
13
2
3
2
4
15
5
4
15
20
2
5
1
1
2
1
1
12
3
1
2
1
1
1
1
1
5
4
6
1
1
1
2
7
3
4
2
2
20
1
19
3
7
2
12
4
2
32
8
43
3
110
2
1
6
2
6
7
1
2
2
3
2
2
1
1
7
21
2
1
1
2
1
17
4
3
7
42
7
10
1
4
7
40
10
2
1
5
1
1
3
4
4
3
2
2
12
8
5
9
25
1
31
28
11
2
5
1
1
4
1
3
1
1
1
88
3
3
6
1
31
1
5
5
3
23
8
2
1
1
3
8
2
2
1
2
20
1
1
1
7
1
8
2
1
1
4
7
5
1
2
9
4
2
3
6
7
7
1
1
37
3
6
1
20
52
1
5
1
12
5
3
4
2
26
2
1
9
7
6
2
2
14
4
1
3
18
2
2
2
11
3
4
3
2
9
2
7
1
15
1
4
1
1
12
2
4
1
4
2
4
1
37
8
1
1
3
13
7
2
2
1
2
21
3
2
3
6
1
1
4
1
4
4
39
1
35
11
5
2
3
3
1
1
1
39
6
2
2
1
3
1
5
3
3
1
2
8
3
3
1
24
1
2
1
1
3
10
10
36
2
13
6
1
3
1
2
4
5
2
9
3
3
10
2
1
4
12
1
1
9
1
2
3
1
3
3
3
9
7
2
4
44
5
17
11
1
2
28
1
4
4
1
2
2
2
6
5
33
1
1
4
2
2
1
1
2
2
3
6
2
1
1
2
3
5
3
1
8
2
2
3
3
2
3
6
9
5
2
3
8
1
2
3
5
4
10
12
2
3
2
86
3
2
1
62
9
4
6
2
3
2
3
1
1
3
2
1
2
14
1
1
3
3
36
44
2
5
2
2
159
2
5
10
3
8
1
4
12
2
3
3
5
2
2
1
3
6
2
8
3
12
47
3
4
2
16
23
3
8
11
3
1
1
2
16
3
10
5
7
12
52
1
1
1
1
40
2
7
3
3
15
4
14
1
1
1
4
5
3
5
3
1
1
37
6
20
4
52
1
4
2
10
6
9
10
19
7
15
67
4
9
4
18
3
4
2
1
2
1
3
2
55
1
4
16
20
1
1
2
37
1
4
1
4
1
3
17
1
3
15
9
2
58
2
2
4
1
1
3
3
3
1
2
1
2
4
3
1
4
40
30
74
1
49
2
78
2
5
6
1
4
9
6
2
5
1
2
4
8
3
1
7
15
1
2
5
43
3
2
1
140
3
1
1
6
13
2
5
1
17
3
8
1
3
1
1
27
2
1
1
1
40
15
1
7
3
36
17
17
3
1
4
1
1
4
2
4
10
4
2
1
38
1
1
1
4
1
7
1
1
1
10
3
1
1
1
2
1
1
2
1
2
10
1
8
3
2
1
2
5
3
9
1
1
5
13
1
1
11
6
2
29
4
1
10
11
2
5
2
1
8
2
3
11
1
7
11
2
2
7
2
2
1
8
1
2
5
2
3
2
16
4
2
2
1
40
1
1
4
17
1
4
6
2
3
16
6
1
3
4
13
6
25
2
2
1
5
1
2
3
6
2
1
1
1
1
1
1
5
2
33
2
10
6
15
9
1
14
5
16
13
2
1
3
2
1
11
1
4
4
5
3
1
1
1
1
2
2
12
3
1
1
1
3
1
1
1
2
1
13
2
1
4
13
7
3
6
3
3
1
1
39
7
1
114
9
2
2
3
3
2
1
2
1
4
51
6
13
3
7
1
2
1
1
10
13
10
5
1
12
1
5
2
1
7
3
2
2
44
6
4
1
2
4
10
2
1
3
2
2
2
1
2
1
4
3
2
1
3
1
6
5
4
2
19
1
3
1
1
47
3
1
2
1
5
5
5
3
2
8
102
1
7
3
1
4
1
14
3
2
1
3
1
3
3
4
13
5
1
1
2
25
1
9
114
9
26
12
10
7
3
1
2
58
4
4
1
14
2
1
3
31
1
22
1
1
6
2
12
21
1
1
1
5
2
1
3
1
3
2
6
3
1
1
4
5
11
1
1
10
14
4
2
1
4
3
3
2
1
4
10
1
1
4
3
7
21
10
3
2
1
1
7
1
6
2
3
2
1
1
5
2
1
6
19
7
58
1
4
1
3
1
3
20
3
2
3
1
3
1
2
60
35
5
2
4
8
2
17
2
1
2
2
1
2
5
2
3
2
4
1
1
2
4
1
2
1
5
1
2
1
6
1
1
1
16
1
2
2
3
2
1
9
5
1
1
2
1
3
19
1
7
1
9
27
1
1
6
1
1
2
1
8
2
15
56
2
82
2
1
3
2
2
2
6
3
27
65
4
3
3
21
7
4
2
1
5
155
1
20
7
1
2
8
1
1
1
2
3
20
5
39
1
2
1
2
1
1
1
10
127
2
1
1
4
1
7
1
13
1
3
1
1
1
3
9
5
1
4
4
5
1
4
3
1
10
1
3
19
3
1
127
1
5
2
8
10
1
1
3
15
2
14
3
1
21
3
1
20
7
2
19
4
5
2
3
153
1
26
3
2
2
2
2
5
4
2
3
4
3
2
6
2
4
3
5
3
8
1
2
1
4
1
1
2
13
3
2
1
9
3
2
1
2
1
3
1
1
5
2
1
2
2
1
5
5
3
1
3
4
2
2
1
1
3
1
7
4
3
5
5
5
2
4
32
15
3
5
2
1
7
29
3
3
1
1
2
1
90
1
1
3
3
2
7
1
3
91
5
4
3
3
1
2
3
11
10
21
4
8
3
334
4
4
1
1
2
3
17
1
12
8
1
11
1
3
5
2
1
1
4
2
1
1
3
1
1
2
1
3
2
1
3
3
21
16
2
1
1
14
1
4
6
3
1
3
1
1
10
6
2
1
1
4
2
6
7
2
1
2
3
2
1
1
27
1
2
5
1
2
3
2
8
4
4
7
11
4
1
2
4
1
1
2
47
11
1
1
5
1
3
12
9
2
6
10
22
4
1
1
9
2
2
5
21
3
3
23
3
2
19
5
4
2
1
5
1
2
1
18
1
7
3
1
2
5
2
2
3
4
1
3
46
7
8
5
2
2
1
3
2
8
10
2
1
79
44
1
2
34
2
3
1
3
7
1
11
12
3
3
69
5
5
2
1
3
15
9
9
2
4
2
2
2
2
5
1
6
1
1
155
8
1
8
3
9
4
1
61
3
5
4
6
4
33
6
109
1
3
4
3
2
2
1
1
3
1
10
13
2
2
101
7
15
4
1
1
5
2
2
2
9
2
2
7
11
5
7
2
4
73
2
7
2
2
3
12
1
38
3
2
6
3
4
1
67
8
2
4
1
1
2
3
2
1
44
2
1
1
20
4
5
1
2
1
2
2
2
3
1
2
9
4
2
7
11
6
1
1
1
1
5
1
4
1
2
1
4
4
7
2
3
22
1
3
1
2
5
4
5
7
4
7
41
3
1
2
18
3
8
5
101
1
3
3
1
1
4
1
3
17
58
3
3
3
18
1
4
4
2
1
2
223
42
1
4
17
1
2
2
12
10
30
5
3
2
12
2
58
1
28
2
1
2
4
9
3
1
1
2
5
26
4
2
3
1
15
5
3
3
4
3
53
6
2
6
2
1
2
4
2
6
16
2
12
3
33
19
3
2
8
2
2
2
15
2
7
1
4
5
2
300
8
1
1
3
2
1
1
3
2
3
2
1
6
1
6
5
1
1
3
8
9
3
4
1
2
2
1
4
7
3
1
1
1
1
1
3
2
10
8
1
4
1
32
14
1
1
1
2
1
1
1
4
1
5
2
10
2
6
1
7
3
15
1
2
20
3
3
3
13
2
3
3
1
5
7
4
2
6
31
4
3
1
2
1
4
2
1
6
4
3
2
4
12
7
1
48
7
5
7
2
1
16
6
1
5
5
2
3
7
1
27
1
1
14
2
7
3
7
5
3
40
6
3
1
3
1
5
4
1
1
2
1
5
1
5
4
7
5
3
2
2
1
10
1
1
6
5
119
31
16
9
9
2
5
5
4
8
12
2
4
26
3
13
4
1
1
4
3
51
5
38
1
1
6
1
3
5
2
4
3
2
3
2
4
14
4
76
5
1
3
4
1
1
4
20
8
2
30
2
2
5
8
1
2
1
47
1
5
1
2
2
12
4
3
1
9
4
35
3
3
3
1
1
1
11
4
1
3
2
1
1
3
4
4
1
4
2
1
1
3
3
3
4
1
1
2
3
3
2
2
3
1
1
2
6
17
4
23
10
6
15
2
2
2
1
3
1
19
1
3
3
3
2
1
1
16
4
2
2
1
6
1
8
1
5
6
11
2
2
1
1
12
4
4
27
1
1
1
16
9
5
5
1
61
4
3
1
1
1
4
1
2
2
4
1
59
9
2
2
1
2
4
56
2
5
1
3
1
17
2
5
13
1
1
1
7
1
6
3
1
1
4
1
1
2
37
1
4
1
1
2
5
8
22
1
1
2
5
3
12
1
4
2
42
4
1
5
3
4
2
5
6
2
4
1
4
9
1
60
19
9
3
1
5
2
2
5
2
4
2
1
3
3
14
3
1
1
1
5
6
31
4
1
3
11
1
1
4
1
2
2
17
15
7
4
1
1
4
3
1
1
1
3
13
21
7
3
8
6
72
2
2
11
2
2
2
5
1
1
2
1
2
1
5
14
4
2
3
13
7
6
5
10
3
11
3
19
1
2
4
2
4
1
10
2
9
2
2
11
9
6
1
3
1
8
16
1
2
4
1
2
5
1
20
30
5
1
7
4
2
3
14
13
1
5
3
4
1
6
2
7
6
39
8
2
1
3
1
1
4
1
2
4
30
1
1
3
4
4
18
57
3
2
1
17
1
23
3
1
5
4
1
1
1
2
2
5
3
5
13
55
4
3
3
6
5
2
4
3
1
2
4
1
36
15
1
2
4
3
1
3
16
4
8
3
9
4
4
2
9
3
2
32
1
1
2
2
1
20
3
2
6
1
79
1
2
6
1
2
2
8
3
3
4
1
2
13
108
1
2
110
6
2
2
2
3
1
3
12
1
4
2
1
19
3
15
8
1
6
3
1
2
3
30
3
2
3
5
5
5
13
1
2
1
2
19
1
1
3
2
2
4
1
1
8
3
3
3
1
2
4
2
7
2
4
44
2
2
2
1
1
23
10
5
83
6
1
52
13
2
1
3
1
18
13
1
2
37
34
5
1
28
9
1
7
2
3
5
3
1
1
17
2
1
469
3
10
1
3
1
4
1
2
4
1
2
1
14
1
3
1
2
2
4
137
2
3
1
3
1
3
1
1
5
9
6
1
15
3
21
3
1
8
2
3
2
3
31
4
1
5
2
1
3
1
4
2
1
2
4
1
3
2
22
248
4
7
4
6
2
6
1
7
1
3
4
3
1
12
3
1
34
1
2
7
8
9
6
1
1
2
2
6
3
3
2
3
2
2
4
16
3
4
5
1
5
2
16
1
1
6
2
21
1
4
6
4
4
6
1
1
12
2
1
2
3
38
4
4
6
6
3
6
1
3
4
4
2
7
4
6
1
18
11
3
8
5
5
1
2
4
1
3
1
1
4
9
3
2
1
1
1
19
3
1
7
1
4
2
10
2
6
2
2
2
8
7
17
2
4
2
1
4
54
10
23
1
2
8
22
2
1
2
5
2
22
23
1
1
28
3
1
2
3
6
4
11
3
2
4
1
1
1
3
3
1
1
1
2
5
2
52
1
4
21
14
12
2
4
10
3
3
6
2
1
3
4
5
13
1
1
5
1
1
1
54
2
1
2
5
5
1
1
1
1
2
4
11
4
1
1
1
2
3
1
3
2
4
6
1
2
16
3
2
2
1
1
1
2
2
1
2
6
2
6
1
1
1
11
2
2
22
1
3
10
2
5
1
3
1
1
11
5
4
2
7
15
3
8
1
5
5
1
4
91
9
2
2
14
1
16
2
4
3
1
83
28
1
8
5
8
2
2
2
4
4
1
4
5
11
1
2
11
3
18
3
17
1
8
14
1
1
4
84
3
1
4
7
4
4
1
1
2
1
28
10
1
3
4
2
21
5
2
1
7
4
1
25
11
7
1
4
4
2
2
22
3
1
3
1
17
3
1
1
5
13
4
5
2
1
4
4
8
19
7
4
5
1
1
101
3
2
2
1
1
16
34
1
3
2
19
7
1
2
4
3
35
3
1
5
2
93
2
2
60
1
8
2
1
2
2
27
36
2
2
3
1
1
37
6
3
2
2
13
9
11
3
4
1
2
9
3
5
1
6
1
2
1
1
1
8
8
5
3
2
4
1
1
1
2
9
2
9
1
1
1
5
14
273
5
3
66
1
7
3
2
3
4
1
3
2
2
4
1
8
82
52
3
3
19
2
1
7
4
1
4
1
1
6
17
3
1
5
11
22
5
6
3
1
1
1
3
3
5
1
10
2
2
2
1
7
4
6
3
2
15
10
1
2
1
1
2
4
3
12
3
2
8
1
2
1
3
8
2
1
3
4
3
7
10
5
1
1
5
34
6
1
1
7
27
3
1
91
4
1
3
4
10
25
13
2
91
2
20
13
6
3
10
2
2
3
1
2
1
3
4
2
1
10
3
2
4
1
1
2
2
2
4
2
1
4
2
1
2
19
27
5
13
1
4
44
6
8
24
13
1
4
1
1
2
1
3
1
10
2
2
2
14
3
226
4
2
4
2
6
10
1
2
3
2
1
1
1
8
5
1
1
9
2
2
2
1
2
3
4
5
3
6
1
1
1
10
5
2
1
1
1
6
3
10
1
2
7
1
1
4
2
13
7
4
1
4
1
3
1
1
1
2
1
4
1
1
1
2
1
17
1
1
2
476
6
5
6
1
1
4
36
1
17
3
3
42
10
9
3
2
5
1
27
1
1
39
48
1
13
15
16
2
2
2
2
1
1
3
1
4
3
3
1
2
1
2
13
7
1
7
3
6
3
1
1
6
1
1
1
1
4
4
5
1
2
65
9
3
1
1
4
6
1
1
1
1
2
2
2
2
1
2
5
1
2
3
1
3
4
1
2
1
19
3
23
1
2
12
3
1
11
7
3
4
3
10
2
4
2
2
80
1
3
1
18
1
2
12
3
30
2
52
2
1
12
1
24
10
2
4
1
1
1
1
1
1
3
1
2
6
46
1
2
6
36
21
2
1
3
1
3
1
9
3
8
1
3
1
5
2
9
147
2
2
1
4
5
3
1
1
4
6
145
2
6
7
17
1
4
1
5
2
4
2
2
1
2
1
1
1
5
2
2
2
3
1
2
2
3
26
3
6
4
1
4
1
15
2
3
20
10
176
3
3
15
2
1
6
3
12
1
206
7
1
3
1
10
5
8
1
4
1
3
2
11
3
15
34
1
2
6
3
11
9
5
1
26
3
1
7
25
2
6
1
14
19
1
3
2
1
1
8
2
2
4
2
67
2
41
6
1
3
18
6
2
1
10
16
35
54
1
5
16
4
2
1
8
5
3
1
9
6
15
1
1
5
3
1
3
2
3
5
11
2
3
19
3
6
11
1
1
1
5
4
3
2
2
5
1
1
1
3
2
10
6
1
2
4
1
1
5
1
14
4
3
3
43
1
4
5
3
5
3
4
7
3
8
10
2
1
3
1
4
2
4
2
3
5
1
2
2
1
3
3
2
3
1
6
1
5
2
1
40
1
161
19
3
8
18
2
15
4
1
5
2
5
2
2
1
1
1
4
3
1
79
4
1
3
8
2
2
1
4
1
4
6
2
2
27
2
3
2
2
15
4
2
2
2
1
8
12
14
7
4
2
1
3
4
4
2
7
2
1
1
3
7
1
3
1
24
10
2
1
1
2
58
3
2
45
1
2
3
1
3
1
1
11
2
27
1
2
1
57
1
2
8
1
34
3
5
1
6
12
51
6
1
1
29
1
20
1
4
11
8
3
2
1
1
5
3
1
1
1
3
1
5
5
2
17
29
5
12
12
3
2
1
332
6
3
1
2
11
1
1
4
1
11
7
1
1
1
7
5
2
2
75
1
27
2
5
130
3
1
5
5
1
3
4
11
1
6
1
3
7
7
2
11
1
19
1
1
1
2
2
2
2
5
1
7
1
2
2
2
75
8
6
37
34
3
1
3
2
1
218
2
1
11
6
5
1
7
4
1
5
2
13
2
2
2
1
1
2
3
22
1
5
3
3
1
2
1
1
2
3
3
4
5
2
33
1
4
9
2
3
3
6
3
2
18
17
1
2
17
4
1
3
3
2
1
1
2
14
4
2
1
8
6
2
2
2
2
13
13
4
3
3
1
2
7
17
8
11
10
2
2
2
3
2
6
1
3
9
2
4
1
10
3
4
2
7
2
4
3
1
4
2
2
1
4
6
17
36
4
3
7
21
3
5
3
1
1
4
7
8
1
1
2
3
7
29
11
3
3
1
1
3
6
3
1
2
1
2
3
2
3
9
4
4
2
2
4
4
5
25
2
14
3
5
1
2
2
4
1
7
2
3
7
3
2
6
6
1
8
26
1
1
1
13
1
1
13
2
1
1
9
4
1
2
7
3
13
1
1
11
4
1
7
1
1
1
9
5
1
24
2
3
4
7
6
1
5
7
2
4
1
1
4
14
1
2
2
2
85
7
2
1
4
89
8
2
14
1
19
4
1
4
1
6
6
1
1
1
4
1
1
5
4
1
9
6
8
1
4
1
1
6
2
1
1
2
4
6
8
1
1
2
2
24
2
3
2
6
1
1
12
15
5
2
6
2
6
8
2
2
4
4
3
150
3
15
48
1
9
5
4
4
5
3
2
1
2
8
3
12
17
2
42
1
4
4
5
2
2
4
1
1
2
3
1
1
1
7
5
2
2
21
3
10
6
5
12
26
1
3
1
15
55
1
1
1
1
8
3
3
1
2
1
2
1
1
12
1
6
2
2
1
1
2
1
19
1
5
1
1
2
3
1
3
1
2
3
2
4
5
3
2
11
21
2
3
3
34
8
22
8
4
22
13
5
3
2
9
2
1
2
10
2
5
1
5
4
2
6
7
17
